id	num	neg|score	neg|p-value	neg|fdr	neg|rank	neg|goodsgrna	neg|lfc	pos|score	pos|p-value	pos|fdr	pos|rank	pos|goodsgrna	pos|lfc
ENSG00000101182	20	3.7448e-11	4.9574e-06	3.8e-05	1	17	-1.7941	1.0	1.0	1.0	614	0	-1.7941
ENSG00000140534	20	6.0273e-11	4.9574e-06	3.8e-05	2	14	-2.1096	0.39744	0.97088	1.0	405	3	-2.1096
ENSG00000132604	20	1.0298e-08	4.9574e-06	3.8e-05	3	14	-1.7396	0.70784	0.99661	1.0	525	3	-1.7396
ENSG00000053900	20	6.7658e-08	4.9574e-06	3.8e-05	4	12	-1.0662	0.98225	0.99992	1.0	595	1	-1.0662
ENSG00000132646	20	1.1032e-07	4.9574e-06	3.8e-05	5	12	-1.3564	0.99998	1.0	1.0	611	0	-1.3564
ENSG00000162521	20	1.599e-07	4.9574e-06	3.8e-05	6	15	-1.149	0.84596	0.99853	1.0	553	1	-1.149
ENSG00000136824	20	1.7658e-07	4.9574e-06	3.8e-05	7	14	-1.172	0.25513	0.93991	1.0	333	2	-1.172
ENSG00000196363	20	1.8165e-07	4.9574e-06	3.8e-05	8	16	-1.1517	0.99984	1.0	1.0	605	0	-1.1517
ENSG00000134014	20	3.1345e-07	4.9574e-06	3.8e-05	9	15	-1.2759	0.99888	1.0	1.0	604	0	-1.2759
ENSG00000136997	20	3.4859e-07	4.9574e-06	3.8e-05	10	14	-1.4055	0.99996	1.0	1.0	608	0	-1.4055
ENSG00000181222	20	5.133e-07	4.9574e-06	3.8e-05	11	14	-1.3404	0.62267	0.99313	1.0	495	3	-1.3404
ENSG00000149136	20	6.2179e-07	4.9574e-06	3.8e-05	12	12	-1.3697	0.98122	0.99992	1.0	593	2	-1.3697
ENSG00000161888	20	6.7796e-07	4.9574e-06	3.8e-05	13	15	-1.302	0.62331	0.99313	1.0	496	2	-1.302
ENSG00000129691	20	9.1072e-07	4.9574e-06	3.8e-05	14	14	-0.99102	0.75661	0.99729	1.0	535	2	-0.99102
ENSG00000155858	20	1.2793e-06	4.9574e-06	3.8e-05	15	15	-1.2646	0.99793	0.99998	1.0	603	1	-1.2646
ENSG00000137815	20	1.4606e-06	4.9574e-06	3.8e-05	16	15	-0.93274	0.99999	1.0	1.0	612	0	-0.93274
ENSG00000117505	20	1.7606e-06	4.9574e-06	3.8e-05	17	15	-0.96916	0.087189	0.81407	1.0	203	2	-0.96916
ENSG00000137947	20	3.0374e-06	4.9574e-06	3.8e-05	18	12	-1.2512	0.34888	0.96239	1.0	382	2	-1.2512
ENSG00000146918	20	3.1805e-06	4.9574e-06	3.8e-05	19	12	-1.2039	0.96936	0.99985	1.0	585	1	-1.2039
ENSG00000159055	20	3.7017e-06	4.9574e-06	3.8e-05	20	9	-0.43019	0.10732	0.82953	1.0	226	7	-0.43019
ENSG00000123485	20	4.5495e-06	4.9574e-06	3.8e-05	21	14	-1.1063	1.0	1.0	1.0	613	0	-1.1063
ENSG00000180198	20	4.7175e-06	4.9574e-06	3.8e-05	22	13	-1.0703	0.99447	0.99998	1.0	599	1	-1.0703
ENSG00000132341	20	4.7945e-06	4.9574e-06	3.8e-05	23	12	-1.1691	0.99997	1.0	1.0	610	0	-1.1691
ENSG00000130177	20	6.732e-06	4.9574e-06	3.8e-05	24	13	-1.1163	0.99992	1.0	1.0	606	0	-1.1163
ENSG00000137812	20	1.0703e-05	4.9574e-06	3.8e-05	25	13	-1.045	0.17734	0.9002	1.0	284	3	-1.045
ENSG00000165494	20	1.1386e-05	4.9574e-06	3.8e-05	26	13	-1.2095	0.10475	0.82447	1.0	220	3	-1.2095
ENSG00000169189	20	1.7753e-05	4.9574e-06	3.8e-05	27	14	-0.84043	0.8044	0.99776	1.0	542	2	-0.84043
ENSG00000188976	20	2.0766e-05	4.9574e-06	3.8e-05	28	13	-0.87034	0.62648	0.99353	1.0	497	2	-0.87034
ENSG00000140990	20	2.205e-05	4.9574e-06	3.8e-05	29	11	-0.79691	0.79455	0.99772	1.0	540	1	-0.79691
ENSG00000172534	20	2.3517e-05	4.9574e-06	3.8e-05	30	13	-0.945	0.63213	0.99378	1.0	499	2	-0.945
ENSG00000177889	20	3.0099e-05	4.9574e-06	3.8e-05	31	13	-0.9933	0.0072244	0.39493	1.0	41	2	-0.9933
ENSG00000147133	20	3.6753e-05	4.9574e-06	3.8e-05	32	12	-0.92452	0.79093	0.99769	1.0	539	3	-0.92452
ENSG00000132383	20	4.7891e-05	4.9574e-06	3.8e-05	33	12	-0.94326	0.63026	0.99365	1.0	498	2	-0.94326
ENSG00000127337	20	4.9991e-05	4.9574e-06	3.8e-05	34	10	-0.52991	0.91198	0.99957	1.0	569	1	-0.52991
ENSG00000152465	20	5.947e-05	4.9574e-06	3.8e-05	35	12	-1.0107	0.56235	0.98887	1.0	480	2	-1.0107
ENSG00000147274	20	5.9944e-05	4.9574e-06	3.8e-05	36	11	-0.82554	0.95023	0.99981	1.0	578	1	-0.82554
ENSG00000117222	20	6.1992e-05	4.9574e-06	3.8e-05	37	10	-0.60033	0.57824	0.98999	1.0	486	3	-0.60033
ENSG00000198900	20	6.9415e-05	4.9574e-06	3.8e-05	38	13	-0.83065	0.69078	0.99584	1.0	519	4	-0.83065
ENSG00000136518	20	0.00010045	4.9574e-06	3.8e-05	39	12	-0.79924	0.98766	0.99995	1.0	598	2	-0.79924
ENSG00000116670	20	0.00010955	4.9574e-06	3.8e-05	40	12	-0.97378	0.55045	0.98855	1.0	477	1	-0.97378
ENSG00000239306	20	0.00011382	4.9574e-06	3.8e-05	41	12	-0.97471	0.20488	0.91844	1.0	305	4	-0.97471
ENSG00000172273	20	0.0001234	4.9574e-06	3.8e-05	42	12	-0.88393	0.97759	0.99989	1.0	591	1	-0.88393
ENSG00000132467	20	0.00013025	4.9574e-06	3.8e-05	43	10	-0.63048	0.99997	1.0	1.0	609	0	-0.63048
ENSG00000143379	20	0.00013174	4.9574e-06	3.8e-05	44	11	-0.83809	0.73541	0.99704	1.0	531	2	-0.83809
ENSG00000204256	20	0.00014772	4.9574e-06	3.8e-05	45	13	-0.84589	0.65274	0.99438	1.0	503	2	-0.84589
ENSG00000120071	20	0.00015338	4.9574e-06	3.8e-05	46	12	-0.96934	0.94248	0.9998	1.0	575	3	-0.96934
ENSG00000159259	20	0.00016502	4.9574e-06	3.8e-05	47	11	-0.64824	0.43869	0.97701	1.0	422	4	-0.64824
ENSG00000148835	20	0.00017521	4.9574e-06	3.8e-05	48	9	-0.50188	0.99995	1.0	1.0	607	0	-0.50188
ENSG00000134371	20	0.00019869	4.9574e-06	3.8e-05	49	12	-0.95712	0.87309	0.99922	1.0	562	1	-0.95712
ENSG00000135829	20	0.00021575	4.9574e-06	3.8e-05	50	12	-0.88818	0.6854	0.99569	1.0	514	2	-0.88818
ENSG00000145041	20	0.00024235	4.9574e-06	3.8e-05	51	12	-0.7938	0.94125	0.9998	1.0	574	3	-0.7938
ENSG00000129810	20	0.00025954	4.9574e-06	3.8e-05	52	11	-0.86841	0.66298	0.99476	1.0	509	4	-0.86841
ENSG00000163159	20	0.00032182	4.9574e-06	3.8e-05	53	12	-0.75781	0.69001	0.99583	1.0	518	2	-0.75781
ENSG00000178028	20	0.00034248	4.9574e-06	3.8e-05	54	12	-0.82875	0.97162	0.99985	1.0	589	1	-0.82875
ENSG00000172977	20	0.00043501	4.9574e-06	3.8e-05	55	12	-0.7288	0.9819	0.99992	1.0	594	1	-0.7288
ENSG00000145734	20	0.00045638	4.9574e-06	3.8e-05	56	11	-0.86508	0.99766	0.99998	1.0	601	1	-0.86508
ENSG00000156502	20	0.0004885	4.9574e-06	3.8e-05	57	10	-0.5807	0.77349	0.99744	1.0	536	3	-0.5807
ENSG00000161939	18	0.00055025	4.9574e-06	3.8e-05	58	9	-0.63913	0.69484	0.9946	1.0	521	3	-0.63913
ENSG00000155827	20	0.00058524	4.9574e-06	3.8e-05	59	11	-0.82308	0.41384	0.97456	1.0	414	6	-0.82308
ENSG00000125484	20	0.00067044	4.9574e-06	3.8e-05	60	11	-0.78449	0.81605	0.99787	1.0	544	4	-0.78449
ENSG00000160633	20	0.00067251	4.9574e-06	3.8e-05	61	12	-0.76066	0.94756	0.9998	1.0	577	1	-0.76066
ENSG00000189091	20	0.0007025	4.9574e-06	3.8e-05	62	11	-0.81313	0.27435	0.94447	1.0	345	3	-0.81313
ENSG00000146670	20	0.00072882	4.9574e-06	3.8e-05	63	10	-0.59509	0.93638	0.99978	1.0	573	1	-0.59509
ENSG00000243667	20	0.00081418	4.9574e-06	3.8e-05	64	12	-0.68601	0.70265	0.99653	1.0	524	4	-0.68601
ENSG00000115524	20	0.0008496	4.9574e-06	3.8e-05	65	11	-0.75463	0.41993	0.97534	1.0	418	4	-0.75463
ENSG00000163655	20	0.00088918	4.9574e-06	3.8e-05	66	12	-0.6799	0.99526	0.99998	1.0	600	1	-0.6799
ENSG00000164754	20	0.0010234	4.9574e-06	3.8e-05	67	11	-0.74108	0.27319	0.94447	1.0	343	2	-0.74108
ENSG00000121152	18	0.0010267	4.9574e-06	3.8e-05	68	10	-0.83454	0.5332	0.98141	1.0	471	2	-0.83454
ENSG00000122257	20	0.0012753	4.9574e-06	3.8e-05	69	11	-0.77602	0.47665	0.98171	1.0	439	3	-0.77602
ENSG00000119953	20	0.001291	4.9574e-06	3.8e-05	70	11	-0.75409	0.36998	0.96691	1.0	391	3	-0.75409
ENSG00000198554	20	0.0013953	4.9574e-06	3.8e-05	71	9	-0.34322	0.92351	0.99966	1.0	570	3	-0.34322
ENSG00000167085	20	0.0014087	4.9574e-06	3.8e-05	72	11	-0.71803	0.081262	0.8	1.0	187	2	-0.71803
ENSG00000167670	19	0.0015369	4.9574e-06	3.8e-05	73	11	-0.69358	0.83114	0.99787	1.0	547	2	-0.69358
ENSG00000155666	20	0.0016508	4.9574e-06	3.8e-05	74	9	-0.47291	0.27429	0.94447	1.0	344	4	-0.47291
ENSG00000116830	20	0.0019083	4.9574e-06	3.8e-05	75	11	-0.68335	0.86688	0.99904	1.0	561	3	-0.68335
ENSG00000173531	20	0.0019481	4.9574e-06	3.8e-05	76	10	-0.56777	0.95627	0.99981	1.0	580	2	-0.56777
ENSG00000131747	20	0.0019524	4.9574e-06	3.8e-05	77	11	-0.68708	0.37618	0.96692	1.0	396	2	-0.68708
ENSG00000126756	20	0.0020685	4.9574e-06	3.8e-05	78	7	-0.30579	0.96792	0.99985	1.0	584	2	-0.30579
ENSG00000175792	20	0.002178	4.9574e-06	3.8e-05	79	11	-0.65365	0.96949	0.99985	1.0	587	2	-0.65365
ENSG00000126457	20	0.0023202	4.9574e-06	3.8e-05	80	9	-0.40645	0.75143	0.99724	1.0	533	3	-0.40645
ENSG00000115207	20	0.0026869	1.4872e-05	0.00011	81	10	-0.50897	0.56455	0.98909	1.0	481	3	-0.50897
ENSG00000147162	20	0.0027486	1.4872e-05	0.00011	82	10	-0.54035	0.50133	0.98524	1.0	458	3	-0.54035
ENSG00000177565	20	0.002964	1.4872e-05	0.00011	83	9	-0.42623	0.079775	0.79748	1.0	184	3	-0.42623
ENSG00000171720	20	0.003152	2.4787e-05	0.000173	84	11	-0.65223	0.43697	0.9766	1.0	421	2	-0.65223
ENSG00000164190	20	0.0034372	2.4787e-05	0.000173	85	7	-0.3314	0.050088	0.70521	1.0	139	4	-0.3314
ENSG00000162396	20	0.0035328	2.4787e-05	0.000173	86	11	-0.68211	0.8988	0.99944	1.0	566	2	-0.68211
ENSG00000173120	20	0.0035627	2.4787e-05	0.000173	87	9	-0.44822	0.96277	0.99984	1.0	583	1	-0.44822
ENSG00000160224	20	0.0040197	2.4787e-05	0.000173	88	1	0.43749	0.11163	0.83246	1.0	229	8	0.43749
ENSG00000243789	20	0.0051733	3.4702e-05	0.00024	89	10	-0.55801	0.40675	0.97286	1.0	410	6	-0.55801
ENSG00000164091	20	0.0058164	4.4616e-05	0.000305	90	10	-0.36874	0.49097	0.9841	1.0	451	4	-0.36874
ENSG00000182095	20	0.007393	6.4446e-05	0.000436	91	10	-0.62769	0.95345	0.99981	1.0	579	3	-0.62769
ENSG00000139620	19	0.0077299	7.436e-05	0.000497	92	10	-0.59531	0.41044	0.97081	1.0	412	2	-0.59531
ENSG00000186871	20	0.0087745	0.00011402	0.000738	93	8	-0.41459	0.14171	0.86815	1.0	247	5	-0.41459
ENSG00000166451	20	0.008844	0.00011402	0.000738	94	9	-0.18351	0.60221	0.99175	1.0	493	4	-0.18351
ENSG00000196235	20	0.0088663	0.00011402	0.000738	95	7	-0.39944	0.78726	0.99745	1.0	537	3	-0.39944
ENSG00000196199	20	0.0089804	0.00012393	0.000794	96	10	-0.54477	0.21773	0.92638	1.0	317	4	-0.54477
ENSG00000132780	20	0.0096094	0.00016359	0.001016	97	9	-0.38071	0.4438	0.97829	1.0	424	4	-0.38071
ENSG00000132522	20	0.00973	0.00016359	0.001016	98	10	-0.42436	0.038737	0.66282	1.0	113	6	-0.42436
ENSG00000148737	20	0.010655	0.00016359	0.001016	99	10	-0.55156	0.97887	0.9999	1.0	592	1	-0.55156
ENSG00000197771	20	0.011508	0.00017351	0.001036	100	10	-0.59812	0.98621	0.99993	1.0	597	2	-0.59812
ENSG00000171490	20	0.011956	0.00017351	0.001036	101	10	-0.22447	0.097474	0.81701	1.0	216	6	-0.22447
ENSG00000188895	20	0.012773	0.00017351	0.001036	102	10	-0.55366	0.79669	0.99772	1.0	541	2	-0.55366
ENSG00000166135	20	0.013006	0.00017351	0.001036	103	9	-0.55429	0.58626	0.99092	1.0	490	4	-0.55429
ENSG00000172530	20	0.01636	0.00024291	0.001436	104	8	-0.3299	0.95992	0.99983	1.0	581	2	-0.3299
ENSG00000128908	20	0.016596	0.00036189	0.0021	105	6	0.037628	0.0024137	0.25802	1.0	25	8	0.037628
ENSG00000123219	20	0.017125	0.00036189	0.0021	106	9	-0.27831	0.97129	0.99985	1.0	588	1	-0.27831
ENSG00000166337	20	0.01897	0.00040155	0.002308	107	8	-0.55733	0.35494	0.96364	1.0	385	4	-0.55733
ENSG00000163961	20	0.0204	0.00045112	0.002545	108	9	-0.52437	0.87328	0.99922	1.0	563	3	-0.52437
ENSG00000230522	20	0.020603	0.00045112	0.002545	109	6	-0.14361	0.98253	0.99992	1.0	596	1	-0.14361
ENSG00000156030	19	0.021272	0.00050069	0.002799	110	9	-0.48172	0.68814	0.99538	1.0	517	1	-0.48172
ENSG00000131944	20	0.024676	0.0005701	0.003159	111	6	0.18125	0.048318	0.6957	1.0	134	8	0.18125
ENSG00000129534	20	0.028603	0.00060976	0.003348	112	9	-0.43168	0.73049	0.99699	1.0	529	3	-0.43168
ENSG00000198160	20	0.032178	0.00088737	0.004829	113	9	-0.24617	0.51122	0.98587	1.0	462	4	-0.24617
ENSG00000173757	20	0.034851	0.0010063	0.005335	114	4	0.15482	0.082747	0.80307	1.0	191	6	0.15482
ENSG00000116750	20	0.035168	0.0010063	0.005335	115	4	0.061444	0.27128	0.94446	1.0	342	6	0.061444
ENSG00000171634	20	0.035184	0.0010063	0.005335	116	9	-0.14839	0.1062	0.82768	1.0	224	5	-0.14839
ENSG00000147601	20	0.035963	0.0010262	0.005355	117	9	-0.53548	0.0056233	0.35282	1.0	38	4	-0.53548
ENSG00000140395	20	0.036207	0.0010361	0.005355	118	8	-0.33091	0.16101	0.89279	1.0	268	6	-0.33091
ENSG00000171861	20	0.036307	0.0010361	0.005355	119	7	-0.42922	0.054135	0.72149	1.0	150	5	-0.42922
ENSG00000134250	20	0.036682	0.0012245	0.006275	120	9	-0.43214	0.84098	0.99852	1.0	549	3	-0.43214
ENSG00000185049	20	0.040528	0.0014029	0.007131	121	7	-0.15353	0.56542	0.98909	1.0	482	3	-0.15353
ENSG00000185787	20	0.044423	0.0014823	0.007283	122	8	-0.39613	0.39309	0.96948	1.0	401	5	-0.39613
ENSG00000116254	20	0.046457	0.0014922	0.007283	123	7	-0.38714	0.22408	0.92736	1.0	319	3	-0.38714
ENSG00000175121	20	0.046466	0.0014922	0.007283	124	7	0.01052	0.44934	0.97877	1.0	425	4	0.01052
ENSG00000183207	20	0.046938	0.0014922	0.007283	125	5	-0.1963	0.84566	0.99853	1.0	552	4	-0.1963
ENSG00000139083	20	0.048358	0.0014922	0.007283	126	5	0.52237	0.0088231	0.40537	1.0	43	11	0.52237
ENSG00000169375	20	0.052089	0.0019383	0.008635	127	8	0.071803	0.21262	0.9224	1.0	312	6	0.071803
ENSG00000198730	20	0.052532	0.0019383	0.008635	128	7	-0.22549	0.32583	0.95816	1.0	371	3	-0.22549
ENSG00000136715	20	0.055662	0.0019482	0.008635	129	6	0.070686	0.36162	0.96513	1.0	388	6	0.070686
ENSG00000164032	20	0.056633	0.0019482	0.008635	130	7	-0.18689	0.48871	0.98361	1.0	449	5	-0.18689
ENSG00000143224	20	0.057195	0.0019482	0.008635	131	7	-0.2951	0.45564	0.97953	1.0	428	4	-0.2951
ENSG00000130816	20	0.058538	0.001978	0.008635	132	8	-0.24418	0.53645	0.98797	1.0	474	5	-0.24418
ENSG00000154727	20	0.058708	0.001978	0.008635	133	6	-0.090063	0.28652	0.94871	1.0	353	5	-0.090063
ENSG00000129071	20	0.05923	0.0019879	0.008635	134	5	0.047336	0.11088	0.83245	1.0	228	7	0.047336
ENSG00000154832	20	0.061307	0.0019978	0.008635	135	8	-0.17575	0.28348	0.94805	1.0	351	4	-0.17575
ENSG00000185513	20	0.061696	0.0019978	0.008635	136	5	-0.14721	0.487	0.98304	1.0	448	4	-0.14721
ENSG00000213246	20	0.062461	0.0019978	0.008635	137	7	-0.11725	0.85843	0.99875	1.0	560	4	-0.11725
ENSG00000137309	20	0.062929	0.0019978	0.008635	138	8	-0.28801	0.017986	0.51987	1.0	66	4	-0.28801
ENSG00000175029	20	0.063261	0.0019978	0.008635	139	7	-0.17332	0.21475	0.92241	1.0	315	4	-0.17332
ENSG00000135476	20	0.065333	0.0020077	0.008635	140	8	-0.45921	0.096012	0.81701	1.0	215	3	-0.45921
ENSG00000165684	20	0.066754	0.0020077	0.008635	141	7	-0.1609	0.50216	0.98524	1.0	459	2	-0.1609
ENSG00000163012	20	0.067038	0.0020077	0.008635	142	3	0.098738	0.42845	0.97607	1.0	420	5	0.098738
ENSG00000119772	20	0.067231	0.0020077	0.008635	143	8	-0.045271	0.036193	0.65683	1.0	110	5	-0.045271
ENSG00000166164	20	0.069901	0.0021267	0.009083	144	8	-0.35544	0.85745	0.99875	1.0	559	3	-0.35544
ENSG00000187778	20	0.071761	0.0021763	0.00923	145	8	-0.47318	0.48923	0.98361	1.0	450	5	-0.47318
ENSG00000141867	20	0.074894	0.0025828	0.01088	146	7	-0.49204	0.51216	0.98588	1.0	463	5	-0.49204
ENSG00000153922	20	0.07605	0.0026919	0.011262	147	5	0.11122	0.042965	0.67583	1.0	122	6	0.11122
ENSG00000139515	20	0.07727	0.0034652	0.01406	148	8	0.078781	0.3653	0.96623	1.0	390	6	0.078781
ENSG00000137693	20	0.07839	0.0034652	0.01406	149	7	-0.14743	0.40126	0.97194	1.0	406	5	-0.14743
ENSG00000172301	20	0.078704	0.0034652	0.01406	150	6	-0.28597	0.57899	0.98999	1.0	488	3	-0.28597
ENSG00000170322	20	0.080203	0.0034652	0.01406	151	8	-0.30958	0.83924	0.99852	1.0	548	4	-0.30958
ENSG00000142453	20	0.08096	0.0034751	0.01406	152	8	-0.34019	0.69403	0.99607	1.0	520	4	-0.34019
ENSG00000115593	20	0.086714	0.0042485	0.017006	153	7	-0.39677	0.6766	0.99568	1.0	512	3	-0.39677
ENSG00000120733	20	0.087835	0.0042584	0.017006	154	8	-0.30599	0.73212	0.99703	1.0	530	4	-0.30599
ENSG00000127511	20	0.089871	0.0043179	0.017061	155	5	-0.16136	0.12484	0.85253	1.0	238	4	-0.16136
ENSG00000132153	20	0.090868	0.0043278	0.017061	156	8	-0.039077	0.58556	0.99091	1.0	489	4	-0.039077
ENSG00000174579	20	0.091453	0.0045162	0.017691	157	8	-0.26017	0.0040197	0.30362	1.0	32	2	-0.26017
ENSG00000185238	20	0.096967	0.0054581	0.020728	158	7	-0.22649	0.32821	0.95913	1.0	373	5	-0.22649
ENSG00000171681	20	0.097462	0.005468	0.020728	159	7	-0.33783	0.01678	0.51105	1.0	62	2	-0.33783
ENSG00000167978	20	0.098204	0.0055175	0.020728	160	8	-0.31576	0.32124	0.95563	1.0	369	4	-0.31576
ENSG00000118418	20	0.099295	0.0055175	0.020728	161	7	-0.027948	0.15543	0.88554	1.0	260	5	-0.027948
ENSG00000165671	20	0.10039	0.0055175	0.020728	162	4	0.22164	0.0020539	0.23937	1.0	22	6	0.22164
ENSG00000181555	20	0.10271	0.0055275	0.020728	163	6	0.23496	0.26961	0.94352	1.0	341	6	0.23496
ENSG00000153391	20	0.10284	0.0055275	0.020728	164	6	-0.031736	0.11341	0.83606	1.0	232	3	-0.031736
ENSG00000159339	20	0.1033	0.009424	0.034951	165	5	0.087656	0.11302	0.83606	1.0	231	7	0.087656
ENSG00000187605	20	0.10373	0.0094339	0.034951	166	2	0.090338	0.020284	0.541	1.0	74	6	0.090338
ENSG00000198026	20	0.10596	0.010009	0.036033	167	5	-0.21517	0.31119	0.95179	1.0	367	5	-0.21517
ENSG00000163875	20	0.10699	0.010009	0.036033	168	5	-0.19443	0.29199	0.94924	1.0	355	3	-0.19443
ENSG00000135632	20	0.10734	0.010009	0.036033	169	7	-0.15324	0.65065	0.99417	1.0	502	4	-0.15324
ENSG00000123562	20	0.10765	0.010019	0.036033	170	1	0.058908	0.66091	0.99448	1.0	506	3	0.058908
ENSG00000139613	20	0.10839	0.010019	0.036033	171	7	-0.25448	0.38028	0.96692	1.0	397	3	-0.25448
ENSG00000132475	20	0.11054	0.01102	0.038543	172	6	0.07071	0.48089	0.98172	1.0	444	4	0.07071
ENSG00000182013	20	0.11105	0.01102	0.038543	173	4	0.66652	0.0013853	0.19947	1.0	17	11	0.66652
ENSG00000197299	20	0.11413	0.01103	0.038543	174	5	-0.087374	0.36245	0.96514	1.0	389	6	-0.087374
ENSG00000162961	20	0.11669	0.01103	0.038543	175	5	0.1112	0.25004	0.93802	1.0	328	4	0.1112
ENSG00000153044	20	0.11694	0.01103	0.038543	176	6	-0.11168	0.19576	0.9122	1.0	298	4	-0.11168
ENSG00000136770	20	0.122	0.012706	0.042733	177	4	0.080567	0.37309	0.96691	1.0	393	3	0.080567
ENSG00000141504	20	0.12533	0.012706	0.042733	178	7	-0.040227	0.21175	0.9224	1.0	310	6	-0.040227
ENSG00000185818	20	0.13119	0.012716	0.042733	179	7	0.12211	0.055224	0.723	1.0	152	8	0.12211
ENSG00000198728	20	0.13411	0.012716	0.042733	180	5	-0.25178	0.64963	0.99417	1.0	501	3	-0.25178
ENSG00000132003	20	0.13524	0.012716	0.042733	181	5	0.099654	0.56819	0.98909	1.0	483	5	0.099654
ENSG00000213024	20	0.13674	0.012716	0.042733	182	7	-0.17073	0.84182	0.99852	1.0	550	4	-0.17073
ENSG00000163939	20	0.13732	0.012716	0.042733	183	6	-0.25826	0.35793	0.96449	1.0	387	3	-0.25826
ENSG00000166987	19	0.13755	0.014391	0.045982	184	5	-0.04325	0.59513	0.99065	1.0	492	5	-0.04325
ENSG00000117724	20	0.14146	0.013013	0.043027	185	5	0.031625	0.35102	0.9624	1.0	383	4	0.031625
ENSG00000158019	20	0.14171	0.013013	0.043027	186	4	0.10928	0.47228	0.98147	1.0	435	5	0.10928
ENSG00000140044	20	0.14262	0.013013	0.043027	187	5	-0.002902	0.053063	0.71481	1.0	146	8	-0.002902
ENSG00000149480	20	0.14369	0.014292	0.045982	188	7	-0.025379	0.50783	0.98587	1.0	461	6	-0.025379
ENSG00000163930	20	0.14415	0.014391	0.045982	189	7	-0.41866	0.96147	0.99984	1.0	582	2	-0.41866
ENSG00000198890	20	0.14434	0.014391	0.045982	190	6	0.2284	0.07807	0.79747	1.0	181	8	0.2284
ENSG00000196535	20	0.14493	0.014391	0.045982	191	7	-0.020895	0.74073	0.99707	1.0	532	4	-0.020895
ENSG00000139618	20	0.14727	0.01457	0.045982	192	6	-0.46133	0.40829	0.97287	1.0	411	2	-0.46133
ENSG00000143799	20	0.14839	0.01458	0.045982	193	6	0.035257	0.30541	0.9512	1.0	364	6	0.035257
ENSG00000167548	20	0.14849	0.01458	0.045982	194	7	-0.088415	0.93454	0.99975	1.0	572	2	-0.088415
ENSG00000171951	20	0.14898	0.01458	0.045982	195	5	0.23083	0.075059	0.7861	1.0	177	7	0.23083
ENSG00000187166	20	0.15009	0.017118	0.051635	196	6	-0.14793	0.75541	0.99725	1.0	534	4	-0.14793
ENSG00000169989	20	0.15049	0.017118	0.051635	197	4	0.14927	0.082469	0.80307	1.0	190	6	0.14927
ENSG00000121057	20	0.15072	0.017118	0.051635	198	6	-0.062232	0.27926	0.94701	1.0	348	5	-0.062232
ENSG00000129194	20	0.15261	0.017118	0.051635	199	6	0.091891	0.26795	0.9428	1.0	340	7	0.091891
ENSG00000183495	20	0.15386	0.017118	0.051635	200	5	-0.044406	0.49739	0.98485	1.0	457	4	-0.044406
ENSG00000143452	20	0.15403	0.017118	0.051635	201	7	-0.040625	0.21395	0.92241	1.0	313	6	-0.040625
ENSG00000139718	20	0.15469	0.017128	0.051635	202	6	-0.35511	0.50382	0.98561	1.0	460	5	-0.35511
ENSG00000146247	20	0.15728	0.017128	0.051635	203	7	-0.078451	0.051074	0.70839	1.0	142	4	-0.078451
ENSG00000135365	20	0.16373	0.017425	0.052022	204	2	0.21941	0.08115	0.8	1.0	186	8	0.21941
ENSG00000188375	18	0.16415	0.016483	0.051635	205	6	-0.023674	0.25623	0.92275	1.0	334	5	-0.023674
ENSG00000168036	20	0.16633	0.017425	0.052022	206	7	-0.22082	0.93062	0.99973	1.0	571	3	-0.22082
ENSG00000151615	20	0.1705	0.018129	0.052504	207	5	-0.25911	0.72426	0.99693	1.0	528	2	-0.25911
ENSG00000156256	20	0.17454	0.018139	0.052504	208	3	0.30404	0.034684	0.62687	1.0	106	8	0.30404
ENSG00000173039	20	0.18133	0.018516	0.052504	209	4	-0.14527	0.39123	0.96947	1.0	399	6	-0.14527
ENSG00000115844	20	0.18256	0.018516	0.052504	210	5	0.33807	0.073654	0.78609	1.0	174	8	0.33807
ENSG00000123569	20	0.1905	0.018526	0.052504	211	5	-0.036291	0.24967	0.93802	1.0	327	5	-0.036291
ENSG00000129245	20	0.19068	0.018526	0.052504	212	6	-0.27749	0.57848	0.98999	1.0	487	5	-0.27749
ENSG00000144369	20	0.19095	0.018526	0.052504	213	7	0.099263	0.011776	0.47068	1.0	52	8	0.099263
ENSG00000172238	20	0.19384	0.018526	0.052504	214	7	-0.31907	0.97715	0.99988	1.0	590	1	-0.31907
ENSG00000196781	20	0.19461	0.018526	0.052504	215	6	0.18572	0.13551	0.86469	1.0	243	4	0.18572
ENSG00000169057	20	0.1949	0.018526	0.052504	216	5	-0.05665	0.11968	0.84488	1.0	235	5	-0.05665
ENSG00000151883	20	0.19645	0.018526	0.052504	217	5	0.23038	0.048004	0.6957	1.0	132	6	0.23038
ENSG00000182196	20	0.19785	0.019091	0.053154	218	3	-0.082213	0.45388	0.9792	1.0	427	6	-0.082213
ENSG00000157212	20	0.1994	0.019101	0.053154	219	6	0.17927	0.076793	0.79487	1.0	179	5	0.17927
ENSG00000115274	20	0.19944	0.019101	0.053154	220	6	-0.41988	0.84211	0.99852	1.0	551	3	-0.41988
ENSG00000166803	20	0.20042	0.019101	0.053154	221	7	0.0015722	0.026281	0.57855	1.0	94	4	0.0015722
ENSG00000137265	20	0.20257	0.022164	0.061126	222	6	0.0037603	0.070889	0.78113	1.0	173	6	0.0037603
ENSG00000205531	20	0.20955	0.022591	0.061502	223	5	0.35257	0.024757	0.57634	1.0	86	8	0.35257
ENSG00000175097	18	0.20956	0.021887	0.060632	224	6	-0.053023	0.28214	0.93317	1.0	350	5	-0.053023
ENSG00000126856	20	0.21032	0.022591	0.061502	225	3	0.36064	0.044726	0.68449	1.0	125	5	0.36064
ENSG00000198408	20	0.215	0.022601	0.061502	226	5	-0.094065	0.14311	0.8702	1.0	249	4	-0.094065
ENSG00000143390	20	0.2157	0.023126	0.062654	227	4	0.12781	0.30806	0.95121	1.0	365	6	0.12781
ENSG00000164256	19	0.21757	0.025159	0.067862	228	6	-0.0014407	0.15712	0.87661	1.0	263	5	-0.0014407
ENSG00000129484	20	0.21991	0.025535	0.067984	229	4	-0.087723	0.2253	0.92736	1.0	320	7	-0.087723
ENSG00000133800	20	0.22027	0.025535	0.067984	230	5	0.14733	0.14496	0.87622	1.0	252	6	0.14733
ENSG00000138795	20	0.22155	0.025535	0.067984	231	5	-0.3151	0.44342	0.97829	1.0	423	6	-0.3151
ENSG00000140320	20	0.23039	0.026279	0.068799	232	2	0.41988	0.0072419	0.39493	1.0	42	8	0.41988
ENSG00000123364	20	0.2354	0.026289	0.068799	233	6	0.26693	0.10078	0.81801	1.0	218	8	0.26693
ENSG00000136504	20	0.23606	0.026289	0.068799	234	5	0.051547	0.83104	0.99844	1.0	546	4	0.051547
ENSG00000151332	20	0.23665	0.026289	0.068799	235	3	0.32444	0.39417	0.97011	1.0	404	6	0.32444
ENSG00000145287	20	0.23914	0.030294	0.072802	236	4	0.1164	0.043381	0.67864	1.0	124	7	0.1164
ENSG00000136146	20	0.23995	0.030294	0.072802	237	5	0.23185	0.20437	0.91843	1.0	304	6	0.23185
ENSG00000163935	20	0.24358	0.030294	0.072802	238	6	-0.12079	0.85043	0.9986	1.0	557	4	-0.12079
ENSG00000147596	20	0.24552	0.030294	0.072802	239	6	0.016847	0.40292	0.97194	1.0	407	4	0.016847
ENSG00000164663	20	0.24726	0.030294	0.072802	240	6	-0.2806	0.6881	0.9958	1.0	516	5	-0.2806
ENSG00000175279	20	0.24988	0.030294	0.072802	241	6	-0.12752	0.15105	0.88086	1.0	257	4	-0.12752
ENSG00000150907	20	0.25145	0.030294	0.072802	242	6	-0.29925	0.88745	0.99935	1.0	564	1	-0.29925
ENSG00000123636	20	0.25147	0.030294	0.072802	243	4	0.11455	0.45722	0.97954	1.0	429	6	0.11455
ENSG00000162601	20	0.25733	0.030304	0.072802	244	4	0.0052641	0.2313	0.93312	1.0	322	7	0.0052641
ENSG00000169857	20	0.25789	0.030304	0.072802	245	5	0.12921	0.46443	0.98089	1.0	431	5	0.12921
ENSG00000173575	20	0.25975	0.030304	0.072802	246	4	0.17723	0.010715	0.44585	1.0	47	7	0.17723
ENSG00000161036	20	0.25999	0.030304	0.072802	247	4	-0.043987	0.94647	0.9998	1.0	576	2	-0.043987
ENSG00000163322	20	0.26158	0.030304	0.072802	248	5	-0.25039	0.041245	0.66676	1.0	120	2	-0.25039
ENSG00000125686	20	0.2624	0.030304	0.072802	249	2	0.014817	0.32764	0.95913	1.0	372	5	0.014817
ENSG00000117115	20	0.26334	0.030304	0.072802	250	5	0.090843	0.040288	0.66675	1.0	118	8	0.090843
ENSG00000188312	20	0.26694	0.030304	0.072802	251	6	0.13452	0.71796	0.99692	1.0	526	4	0.13452
ENSG00000178279	20	0.26888	0.030304	0.072802	252	3	-0.033004	0.66263	0.99475	1.0	508	5	-0.033004
ENSG00000137834	20	0.27055	0.030304	0.072802	253	5	0.015708	0.53007	0.98757	1.0	469	4	0.015708
ENSG00000115966	20	0.27319	0.030304	0.072802	254	2	0.31937	0.2317	0.93312	1.0	323	7	0.31937
ENSG00000185697	20	0.27374	0.030304	0.072802	255	4	0.5192	0.016641	0.51105	1.0	61	9	0.5192
ENSG00000125482	20	0.27435	0.030304	0.072802	256	5	-0.26647	0.57228	0.9891	1.0	484	4	-0.26647
ENSG00000164093	20	0.27508	0.034052	0.080881	257	6	-0.26931	0.64495	0.99416	1.0	500	5	-0.26931
ENSG00000143258	20	0.2779	0.034062	0.080881	258	4	-0.10259	0.69653	0.99608	1.0	523	5	-0.10259
ENSG00000129744	20	0.27835	0.034062	0.080881	259	3	0.16819	0.067792	0.77783	1.0	170	7	0.16819
ENSG00000196284	15	0.28301	0.053614	0.125849	260	5	-0.48515	0.78879	0.9941	1.0	538	3	-0.48515
ENSG00000142856	20	0.29082	0.048359	0.113973	261	3	0.40546	0.11898	0.84245	1.0	234	7	0.40546
ENSG00000148584	20	0.29322	0.048369	0.113973	262	4	0.22818	0.41511	0.97456	1.0	416	4	0.22818
ENSG00000160310	20	0.2988	0.055835	0.128969	263	3	0.04066	0.47067	0.98146	1.0	433	6	0.04066
ENSG00000135100	20	0.30578	0.056479	0.128969	264	4	0.15711	0.72388	0.99693	1.0	527	4	0.15711
ENSG00000139372	20	0.30931	0.057659	0.128969	265	5	0.13108	0.29777	0.94925	1.0	359	6	0.13108
ENSG00000171016	20	0.30964	0.057659	0.128969	266	4	-0.0041532	0.048742	0.69804	1.0	136	8	-0.0041532
ENSG00000166349	20	0.31145	0.057659	0.128969	267	4	0.11614	0.09308	0.817	1.0	213	7	0.11614
ENSG00000187790	19	0.31166	0.056331	0.128969	268	4	-0.052069	0.37355	0.96258	1.0	394	5	-0.052069
ENSG00000181163	20	0.31258	0.057659	0.128969	269	5	-0.1944	0.82816	0.99837	1.0	545	2	-0.1944
ENSG00000148704	20	0.31328	0.057659	0.128969	270	3	0.028272	0.54847	0.98855	1.0	476	3	0.028272
ENSG00000157613	20	0.31371	0.057659	0.128969	271	5	0.2317	0.13441	0.86469	1.0	242	7	0.2317
ENSG00000177200	20	0.31505	0.057659	0.128969	272	4	0.16692	0.20236	0.91712	1.0	302	6	0.16692
ENSG00000125398	20	0.31692	0.057669	0.128969	273	4	-0.10187	0.40492	0.97195	1.0	408	5	-0.10187
ENSG00000171476	20	0.32007	0.057669	0.128969	274	6	-0.054702	0.17467	0.89846	1.0	280	6	-0.054702
ENSG00000136603	20	0.32162	0.057669	0.128969	275	5	0.25844	0.492	0.98411	1.0	453	2	0.25844
ENSG00000170364	20	0.32353	0.059404	0.131227	276	3	0.21673	0.19653	0.9122	1.0	299	6	0.21673
ENSG00000177700	20	0.32868	0.059414	0.131227	277	6	-0.18108	0.3469	0.96239	1.0	381	4	-0.18108
ENSG00000153147	20	0.32964	0.059414	0.131227	278	3	-0.009222	0.41632	0.97457	1.0	417	4	-0.009222
ENSG00000143995	20	0.33788	0.060376	0.131227	279	6	-0.12879	0.042747	0.67318	1.0	121	5	-0.12879
ENSG00000196843	20	0.33916	0.060386	0.131227	280	3	-0.085443	0.34232	0.96164	1.0	377	6	-0.085443
ENSG00000196591	20	0.34171	0.060386	0.131227	281	6	-0.082876	0.31596	0.95358	1.0	368	6	-0.082876
ENSG00000188662	20	0.34491	0.060386	0.131227	282	6	-0.020926	0.085544	0.81297	1.0	198	7	-0.020926
ENSG00000183955	20	0.34619	0.060386	0.131227	283	6	0.13967	0.37102	0.96691	1.0	392	4	0.13967
ENSG00000150347	20	0.34777	0.062012	0.134286	284	5	0.31971	0.25346	0.9399	1.0	331	7	0.31971
ENSG00000165288	20	0.35125	0.071252	0.149685	285	5	-0.11701	0.41317	0.97456	1.0	413	3	-0.11701
ENSG00000119042	20	0.35472	0.071262	0.149685	286	4	0.14801	0.47315	0.98147	1.0	436	5	0.14801
ENSG00000173889	20	0.3555	0.071262	0.149685	287	4	0.66382	0.00086445	0.1599	1.0	14	12	0.66382
ENSG00000158711	20	0.35589	0.071262	0.149685	288	4	0.43863	0.053706	0.71806	1.0	148	9	0.43863
ENSG00000139351	19	0.35626	0.066384	0.14325	289	4	0.023655	0.54534	0.98528	1.0	475	4	0.023655
ENSG00000154655	20	0.35824	0.071262	0.149685	290	4	0.28297	0.048596	0.69804	1.0	135	9	0.28297
ENSG00000142599	20	0.36152	0.073007	0.149685	291	4	-0.15683	0.53513	0.98797	1.0	472	5	-0.15683
ENSG00000120656	20	0.36197	0.073007	0.149685	292	6	-0.067979	0.001441	0.20354	1.0	18	7	-0.067979
ENSG00000165124	20	0.36332	0.073007	0.149685	293	4	0.11421	0.15146	0.88086	1.0	258	7	0.11421
ENSG00000152284	20	0.3652	0.073007	0.149685	294	6	-0.089947	0.89825	0.99944	1.0	565	3	-0.089947
ENSG00000170854	20	0.37104	0.073007	0.149685	295	6	0.1004	0.16277	0.89279	1.0	271	8	0.1004
ENSG00000221890	20	0.37158	0.073007	0.149685	296	4	0.13842	0.038943	0.66282	1.0	114	7	0.13842
ENSG00000198157	20	0.37169	0.073007	0.149685	297	6	0.29698	0.025666	0.57635	1.0	90	8	0.29698
ENSG00000156650	20	0.37511	0.073017	0.149685	298	4	-0.18081	0.69541	0.99608	1.0	522	5	-0.18081
ENSG00000132600	20	0.37523	0.073017	0.149685	299	2	0.14171	0.13116	0.85912	1.0	240	7	0.14171
ENSG00000132170	19	0.37686	0.080681	0.164847	300	5	0.18182	0.25684	0.93144	1.0	336	7	0.18182
ENSG00000133884	20	0.38144	0.073017	0.149685	301	5	-0.044174	0.44999	0.97878	1.0	426	6	-0.044174
ENSG00000185420	20	0.4024	0.086075	0.174706	302	3	0.25096	0.087188	0.81407	1.0	202	6	0.25096
ENSG00000138785	20	0.40458	0.086075	0.174706	303	5	0.069099	0.34393	0.96165	1.0	378	6	0.069099
ENSG00000156931	20	0.40759	0.088008	0.176899	304	5	0.052684	0.48549	0.98221	1.0	447	5	0.052684
ENSG00000187569	20	0.41008	0.088018	0.176899	305	4	0.27705	0.08282	0.80307	1.0	192	9	0.27705
ENSG00000121481	20	0.41025	0.088018	0.176899	306	5	0.083171	0.48179	0.98192	1.0	445	6	0.083171
ENSG00000166439	20	0.41414	0.090209	0.179562	307	4	0.099114	0.10344	0.82185	1.0	219	6	0.099114
ENSG00000161653	20	0.41632	0.090219	0.179562	308	4	0.24847	0.47166	0.98147	1.0	434	5	0.24847
ENSG00000147050	20	0.42032	0.090219	0.179562	309	5	0.29847	0.089097	0.81408	1.0	205	8	0.29847
ENSG00000182568	20	0.42138	0.10022	0.197575	310	5	-0.044421	0.091001	0.81408	1.0	209	6	-0.044421
ENSG00000181449	20	0.42224	0.10022	0.197575	311	4	0.074024	0.47601	0.98171	1.0	438	5	0.074024
ENSG00000159267	20	0.42471	0.10023	0.197575	312	2	0.26182	0.28742	0.94872	1.0	354	7	0.26182
ENSG00000119760	20	0.42668	0.16518	0.312598	313	2	0.27533	0.0010276	0.17427	1.0	16	9	0.27533
ENSG00000166477	20	0.42987	0.16518	0.312598	314	5	0.16016	0.064295	0.76575	1.0	165	6	0.16016
ENSG00000116731	20	0.43184	0.16518	0.312598	315	4	-0.060411	0.32348	0.95619	1.0	370	7	-0.060411
ENSG00000142619	20	0.43322	0.16518	0.312598	316	3	0.10172	0.46795	0.98146	1.0	432	6	0.10172
ENSG00000141582	20	0.44412	0.16518	0.312598	317	4	0.10174	0.098115	0.81701	1.0	217	6	0.10174
ENSG00000151725	20	0.44619	0.16518	0.312598	318	5	0.45351	0.13577	0.86469	1.0	244	8	0.45351
ENSG00000130711	20	0.45388	0.16519	0.312598	319	5	0.13369	0.27466	0.94447	1.0	346	6	0.13369
ENSG00000153814	20	0.45844	0.16519	0.312598	320	5	0.1622	0.15681	0.88685	1.0	262	7	0.1622
ENSG00000183741	20	0.46006	0.16519	0.312598	321	4	0.37881	0.083984	0.80471	1.0	194	9	0.37881
ENSG00000179361	20	0.46303	0.16519	0.312598	322	5	0.23242	0.012394	0.47294	1.0	55	7	0.23242
ENSG00000116478	20	0.46343	0.16519	0.312598	323	4	-0.056824	0.35554	0.96364	1.0	386	5	-0.056824
ENSG00000141837	20	0.46569	0.16519	0.312598	324	5	-0.1089	0.45985	0.98005	1.0	430	3	-0.1089
ENSG00000187531	20	0.46699	0.16519	0.312598	325	2	0.2655	0.012172	0.47294	1.0	54	6	0.2655
ENSG00000197157	20	0.47012	0.17558	0.32959	326	3	0.1131	0.07382	0.78609	1.0	175	6	0.1131
ENSG00000249961	20	0.47705	0.17791	0.32959	327	5	-0.042223	0.16644	0.8928	1.0	274	6	-0.042223
ENSG00000133606	20	0.47986	0.17791	0.32959	328	5	-0.22398	0.48051	0.98172	1.0	442	4	-0.22398
ENSG00000185811	20	0.48099	0.17791	0.32959	329	2	-0.1437	0.15081	0.88086	1.0	256	5	-0.1437
ENSG00000163348	20	0.48473	0.17792	0.32959	330	4	0.24315	0.079019	0.79747	1.0	182	9	0.24315
ENSG00000186487	20	0.4851	0.17792	0.32959	331	5	0.2832	0.043088	0.67584	1.0	123	8	0.2832
ENSG00000149948	20	0.48603	0.17792	0.32959	332	3	-0.2601	0.063859	0.76373	1.0	164	3	-0.2601
ENSG00000138336	20	0.49543	0.18729	0.337807	333	4	0.24466	0.12626	0.85374	1.0	239	6	0.24466
ENSG00000185658	20	0.49847	0.1873	0.337807	334	4	0.42864	0.052311	0.71162	1.0	144	8	0.42864
ENSG00000148411	20	0.49937	0.1873	0.337807	335	5	0.26738	0.20321	0.91713	1.0	303	4	0.26738
ENSG00000167674	20	0.50061	0.1873	0.337807	336	4	0.2832	0.048153	0.6957	1.0	133	9	0.2832
ENSG00000147099	20	0.50179	0.1873	0.337807	337	5	-0.097603	0.41414	0.97456	1.0	415	4	-0.097603
ENSG00000171320	20	0.50314	0.1873	0.337807	338	4	-0.22131	0.35345	0.96284	1.0	384	4	-0.22131
ENSG00000138617	20	0.50382	0.1873	0.337807	339	5	-0.11588	0.5535	0.98855	1.0	478	4	-0.11588
ENSG00000183337	19	0.50611	0.18685	0.337807	340	1	0.56494	8.2083e-06	0.012587	1.0	3	10	0.56494
ENSG00000204463	20	0.50698	0.1873	0.337807	341	5	0.017133	0.11832	0.84065	1.0	233	5	0.017133
ENSG00000162367	20	0.5104	0.19054	0.338024	342	3	0.32389	0.18292	0.90772	1.0	290	8	0.32389
ENSG00000141448	20	0.51044	0.19054	0.338024	343	5	0.12183	0.20736	0.92087	1.0	307	7	0.12183
ENSG00000175387	20	0.51122	0.19054	0.338024	344	2	0.43609	0.045948	0.69094	1.0	127	9	0.43609
ENSG00000137948	20	0.51251	0.19163	0.338024	345	5	0.011889	0.52384	0.98756	1.0	466	5	0.011889
ENSG00000173894	20	0.51285	0.19163	0.338024	346	3	0.19415	0.013604	0.47757	1.0	57	6	0.19415
ENSG00000135164	20	0.51366	0.19164	0.338024	347	3	0.25073	0.14434	0.87281	1.0	251	6	0.25073
ENSG00000165702	20	0.51771	0.19334	0.338024	348	2	0.13598	0.14671	0.87931	1.0	253	8	0.13598
ENSG00000155545	20	0.52012	0.19335	0.338024	349	1	0.52412	0.011724	0.47067	1.0	51	11	0.52412
ENSG00000176692	20	0.52116	0.19335	0.338024	350	3	0.10233	0.092703	0.817	1.0	211	6	0.10233
ENSG00000141646	20	0.52172	0.19335	0.338024	351	5	0.12754	0.047464	0.69569	1.0	130	8	0.12754
ENSG00000136931	20	0.53357	0.19731	0.338024	352	2	0.32065	0.024676	0.57634	1.0	85	8	0.32065
ENSG00000126012	20	0.53627	0.19732	0.338024	353	3	0.64815	0.0023461	0.25331	1.0	23	12	0.64815
ENSG00000198855	20	0.53746	0.19732	0.338024	354	3	-0.044735	0.65905	0.99447	1.0	505	5	-0.044735
ENSG00000205143	20	0.53747	0.19732	0.338024	355	5	-0.21415	0.85023	0.9986	1.0	556	3	-0.21415
ENSG00000124702	20	0.53977	0.19732	0.338024	356	3	0.63061	0.00067387	0.14137	1.0	11	12	0.63061
ENSG00000142611	20	0.54504	0.19732	0.338024	357	4	0.27565	0.28147	0.94804	1.0	349	6	0.27565
ENSG00000167491	20	0.54515	0.19732	0.338024	358	4	0.091631	0.25336	0.9399	1.0	330	7	0.091631
ENSG00000117625	20	0.54666	0.19732	0.338024	359	1	0.45342	0.0096961	0.42281	1.0	45	10	0.45342
ENSG00000131778	20	0.54805	0.20029	0.339355	360	4	-0.15754	0.99776	0.99998	1.0	602	1	-0.15754
ENSG00000132972	20	0.54894	0.20029	0.339355	361	3	0.083222	0.090126	0.81408	1.0	208	7	0.083222
ENSG00000167754	20	0.55495	0.2003	0.339355	362	2	0.36769	0.022375	0.56066	1.0	78	7	0.36769
ENSG00000139154	20	0.55718	0.2003	0.339355	363	4	0.15452	0.34567	0.96165	1.0	380	6	0.15452
ENSG00000124733	20	0.55836	0.21258	0.357215	364	4	-0.23015	0.84729	0.99859	1.0	554	3	-0.23015
ENSG00000182979	20	0.55917	0.21258	0.357215	365	4	0.13413	0.53637	0.98797	1.0	473	5	0.13413
ENSG00000169247	20	0.56014	0.21259	0.357215	366	3	-0.058659	0.49295	0.98411	1.0	454	3	-0.058659
ENSG00000166313	20	0.5664	0.22036	0.368265	367	3	-0.012941	0.19963	0.91587	1.0	301	6	-0.012941
ENSG00000166582	20	0.56721	0.22036	0.368265	368	5	0.15076	0.14418	0.87281	1.0	250	8	0.15076
ENSG00000127616	20	0.56799	0.23575	0.384591	369	5	0.14737	0.025362	0.57635	1.0	89	7	0.14737
ENSG00000163535	20	0.56983	0.23575	0.384591	370	3	0.49575	0.0052766	0.34056	1.0	37	10	0.49575
ENSG00000127445	20	0.57443	0.23575	0.384591	371	5	-0.22941	0.064315	0.76575	1.0	166	6	-0.22941
ENSG00000124177	20	0.57722	0.23576	0.384591	372	5	0.15979	0.21221	0.9224	1.0	311	6	0.15979
ENSG00000171456	20	0.57761	0.23576	0.384591	373	4	0.081197	0.90505	0.99953	1.0	567	3	0.081197
ENSG00000118513	20	0.57777	0.23576	0.384591	374	4	0.10562	0.67096	0.99514	1.0	511	3	0.10562
ENSG00000170004	20	0.57788	0.23576	0.384591	375	5	0.16144	0.048893	0.69805	1.0	137	8	0.16144
ENSG00000163872	20	0.58096	0.23576	0.384591	376	4	-0.12645	0.66262	0.99475	1.0	507	5	-0.12645
ENSG00000135999	20	0.58195	0.23576	0.384591	377	3	-0.21189	0.68562	0.99569	1.0	515	4	-0.21189
ENSG00000168769	20	0.58415	0.25446	0.401123	378	4	0.59733	0.00080517	0.14534	1.0	12	11	0.59733
ENSG00000176182	20	0.58458	0.25446	0.401123	379	3	-0.11149	0.52932	0.98757	1.0	468	4	-0.11149
ENSG00000171988	20	0.58767	0.25446	0.401123	380	4	0.19829	0.49428	0.98444	1.0	455	5	0.19829
ENSG00000128708	20	0.58768	0.25446	0.401123	381	3	0.20292	0.041081	0.66676	1.0	119	7	0.20292
ENSG00000166669	20	0.59083	0.25446	0.401123	382	4	0.23676	0.18192	0.90576	1.0	288	7	0.23676
ENSG00000128714	20	0.59293	0.25446	0.401123	383	4	0.31431	0.22709	0.92737	1.0	321	6	0.31431
ENSG00000172845	20	0.5963	0.25446	0.401123	384	2	0.15208	0.05715	0.73885	1.0	156	7	0.15208
ENSG00000138092	20	0.59715	0.25446	0.401123	385	3	0.0015712	0.96939	0.99985	1.0	586	2	0.0015712
ENSG00000168702	20	0.59988	0.25447	0.401123	386	3	0.42129	0.0049648	0.33741	1.0	36	9	0.42129
ENSG00000116580	19	0.60052	0.24784	0.401123	387	3	0.4887	0.073842	0.77317	1.0	176	8	0.4887
ENSG00000162992	20	0.60439	0.25447	0.401123	388	3	0.27934	0.066932	0.77552	1.0	168	7	0.27934
ENSG00000147889	20	0.60705	0.25447	0.401123	389	2	0.60042	0.00090601	0.15991	1.0	15	12	0.60042
ENSG00000189079	20	0.60733	0.25447	0.401123	390	3	-0.26003	0.28651	0.94871	1.0	352	5	-0.26003
ENSG00000128710	20	0.61525	0.25827	0.401123	391	4	-0.10525	0.85558	0.99874	1.0	558	3	-0.10525
ENSG00000141027	20	0.62139	0.25828	0.401123	392	3	0.16658	0.17792	0.90021	1.0	285	6	0.16658
ENSG00000163666	20	0.62458	0.25828	0.401123	393	3	0.20591	0.044941	0.68649	1.0	126	8	0.20591
ENSG00000172943	20	0.62589	0.25828	0.401123	394	2	0.49657	0.034935	0.63033	1.0	107	9	0.49657
ENSG00000140382	20	0.62774	0.25828	0.401123	395	3	0.52278	0.025007	0.57635	1.0	88	10	0.52278
ENSG00000169925	20	0.62811	0.25828	0.401123	396	3	0.063873	0.17454	0.89846	1.0	279	5	0.063873
ENSG00000163517	20	0.6295	0.26335	0.405931	397	4	0.35997	0.26193	0.94151	1.0	338	6	0.35997
ENSG00000135363	20	0.62983	0.26335	0.405931	398	4	0.30431	0.14183	0.86815	1.0	248	7	0.30431
ENSG00000116005	20	0.63208	0.26336	0.405931	399	2	0.30539	0.2989	0.94925	1.0	360	7	0.30539
ENSG00000176476	20	0.63614	0.28524	0.431795	400	4	0.12266	0.092927	0.817	1.0	212	8	0.12266
ENSG00000119048	20	0.63839	0.28524	0.431795	401	3	0.21265	0.49126	0.9841	1.0	452	6	0.21265
ENSG00000171316	20	0.64095	0.28525	0.431795	402	4	0.28549	0.050464	0.70522	1.0	140	8	0.28549
ENSG00000150687	20	0.64277	0.28525	0.431795	403	3	0.19408	0.17411	0.89846	1.0	277	7	0.19408
ENSG00000125931	20	0.64379	0.28525	0.431795	404	2	0.46809	0.1756	0.9002	1.0	281	8	0.46809
ENSG00000129152	20	0.64499	0.28525	0.431795	405	3	0.4122	0.1855	0.90772	1.0	293	7	0.4122
ENSG00000221926	20	0.6462	0.28926	0.431795	406	3	0.055471	0.16746	0.8928	1.0	276	7	0.055471
ENSG00000185917	20	0.64895	0.28926	0.431795	407	2	0.19	0.26546	0.94279	1.0	339	7	0.19
ENSG00000129993	20	0.65309	0.28926	0.431795	408	4	0.21125	0.52542	0.98756	1.0	467	5	0.21125
ENSG00000125820	20	0.6563	0.28927	0.431795	409	4	0.020542	0.66321	0.99476	1.0	510	5	0.020542
ENSG00000205683	20	0.65641	0.28927	0.431795	410	3	-0.035072	0.092282	0.817	1.0	210	6	-0.035072
ENSG00000225830	20	0.65917	0.28927	0.431795	411	4	0.151	0.25255	0.9399	1.0	329	7	0.151
ENSG00000147854	20	0.65988	0.28927	0.431795	412	3	0.26512	0.12434	0.85253	1.0	237	8	0.26512
ENSG00000138081	6	0.66342	0.32712	0.479485	413	1	0.07883	0.55899	0.90302	1.0	479	1	0.07883
ENSG00000198879	20	0.66456	0.33056	0.479485	414	4	0.1688	0.42632	0.97607	1.0	419	6	0.1688
ENSG00000116062	20	0.66776	0.33056	0.479485	415	2	0.1713	0.47776	0.98171	1.0	440	5	0.1713
ENSG00000171617	20	0.66934	0.33056	0.479485	416	2	0.33698	0.16406	0.89279	1.0	272	8	0.33698
ENSG00000141570	20	0.67364	0.33057	0.479485	417	4	0.35522	0.046669	0.69095	1.0	129	9	0.35522
ENSG00000151090	20	0.67523	0.33057	0.479485	418	3	0.38394	0.019945	0.541	1.0	72	6	0.38394
ENSG00000143033	20	0.67614	0.33057	0.479485	419	4	-0.060252	0.30199	0.94925	1.0	363	4	-0.060252
ENSG00000197724	20	0.67859	0.33057	0.479485	420	4	0.064442	0.025713	0.57635	1.0	91	8	0.064442
ENSG00000185515	20	0.67889	0.33057	0.479485	421	2	0.31624	0.051336	0.70839	1.0	143	7	0.31624
ENSG00000115548	20	0.67951	0.33057	0.479485	422	4	0.20287	0.015193	0.49738	1.0	59	6	0.20287
ENSG00000136169	19	0.68018	0.34229	0.492996	423	4	0.39614	0.062928	0.75614	1.0	162	9	0.39614
ENSG00000197275	20	0.68053	0.33057	0.479485	424	1	0.25416	0.14848	0.88085	1.0	255	8	0.25416
ENSG00000139687	20	0.68257	0.33057	0.479485	425	3	0.43544	0.16122	0.89279	1.0	269	7	0.43544
ENSG00000170748	20	0.68707	0.33542	0.484248	426	3	-0.25088	0.60577	0.99252	1.0	494	4	-0.25088
ENSG00000186532	12	0.68819	0.36643	0.502751	427	2	0.6186	0.023287	0.41631	1.0	82	7	0.6186
ENSG00000184402	20	0.69283	0.33543	0.484248	428	3	0.33467	0.018379	0.52442	1.0	70	9	0.33467
ENSG00000163840	20	0.69829	0.35491	0.502751	429	3	0.20575	0.18825	0.90773	1.0	295	8	0.20575
ENSG00000198604	20	0.70206	0.35491	0.502751	430	4	0.38769	0.023091	0.56568	1.0	80	10	0.38769
ENSG00000129474	20	0.7067	0.35492	0.502751	431	1	0.18581	0.060228	0.74901	1.0	158	4	0.18581
ENSG00000116035	20	0.70924	0.35492	0.502751	432	3	0.11433	0.08423	0.80652	1.0	195	8	0.11433
ENSG00000126351	20	0.71138	0.35492	0.502751	433	4	0.12928	0.11071	0.83245	1.0	227	7	0.12928
ENSG00000198646	20	0.71195	0.35492	0.502751	434	4	0.060131	0.80808	0.99778	1.0	543	2	0.060131
ENSG00000170948	20	0.71209	0.35492	0.502751	435	3	0.065588	0.084927	0.81296	1.0	197	6	0.065588
ENSG00000124523	20	0.71398	0.36127	0.502751	436	3	0.35681	0.040204	0.66675	1.0	117	9	0.35681
ENSG00000155592	20	0.71994	0.36128	0.502751	437	4	0.38089	0.037265	0.65796	1.0	112	9	0.38089
ENSG00000143569	20	0.7214	0.36128	0.502751	438	2	0.1276	0.21991	0.92639	1.0	318	4	0.1276
ENSG00000163623	20	0.72248	0.36128	0.502751	439	4	0.14714	0.1785	0.90021	1.0	286	5	0.14714
ENSG00000198945	20	0.723	0.36128	0.502751	440	3	0.72636	0.0025082	0.26582	1.0	26	11	0.72636
ENSG00000122877	20	0.72379	0.36128	0.502751	441	3	0.32377	0.25999	0.9415	1.0	337	7	0.32377
ENSG00000168453	20	0.72521	0.36128	0.502751	442	3	0.30371	0.084449	0.8105	1.0	196	9	0.30371
ENSG00000129315	20	0.72558	0.36867	0.502751	443	2	-0.02253	0.027817	0.58813	1.0	97	4	-0.02253
ENSG00000143815	20	0.72584	0.36867	0.502751	444	4	-0.14596	0.6547	0.99439	1.0	504	4	-0.14596
ENSG00000166848	20	0.7264	0.36867	0.502751	445	4	0.44865	0.0621	0.75566	1.0	161	9	0.44865
ENSG00000131759	20	0.72698	0.36867	0.502751	446	3	0.044272	0.47513	0.98147	1.0	437	5	0.044272
ENSG00000156219	20	0.73056	0.36867	0.502751	447	4	0.09327	0.1068	0.82953	1.0	225	8	0.09327
ENSG00000136144	20	0.73292	0.36868	0.502751	448	2	0.26203	0.016922	0.51106	1.0	63	9	0.26203
ENSG00000125817	20	0.73312	0.36868	0.502751	449	3	0.40595	0.1391	0.8661	1.0	246	8	0.40595
ENSG00000184205	20	0.73541	0.36868	0.502751	450	3	0.019729	0.49685	0.98445	1.0	456	3	0.019729
ENSG00000124092	20	0.73549	0.36868	0.502751	451	4	-0.17151	0.38297	0.96842	1.0	398	5	-0.17151
ENSG00000170608	20	0.74037	0.39574	0.538454	452	4	0.12046	0.37393	0.96691	1.0	395	5	0.12046
ENSG00000196498	20	0.74744	0.42995	0.578594	453	2	0.28322	0.018364	0.52442	1.0	69	3	0.28322
ENSG00000196132	20	0.74757	0.42995	0.578594	454	4	0.17461	0.23178	0.93312	1.0	324	6	0.17461
ENSG00000204371	20	0.7488	0.42995	0.578594	455	3	0.89414	1.5176e-05	0.018664	1.0	4	11	0.89414
ENSG00000129673	20	0.74913	0.42995	0.578594	456	3	0.18368	0.063783	0.76373	1.0	163	8	0.18368
ENSG00000129514	20	0.75895	0.43725	0.57871	457	3	0.28497	0.10574	0.82768	1.0	223	8	0.28497
ENSG00000164985	20	0.76144	0.43726	0.57871	458	2	0.27225	0.10512	0.82767	1.0	221	6	0.27225
ENSG00000258315	20	0.76207	0.43726	0.57871	459	4	0.2177	0.52108	0.98729	1.0	465	6	0.2177
ENSG00000204775	20	0.76222	0.43726	0.57871	460	3	0.3915	0.077532	0.79487	1.0	180	9	0.3915
ENSG00000135144	20	0.7646	0.44128	0.57871	461	4	0.45398	0.016978	0.51106	1.0	64	10	0.45398
ENSG00000125798	20	0.76594	0.44128	0.57871	462	2	-0.087249	0.39355	0.96948	1.0	403	5	-0.087249
ENSG00000138496	18	0.76697	0.41248	0.559986	463	3	0.17141	0.036108	0.61626	1.0	109	7	0.17141
ENSG00000171282	20	0.77379	0.44129	0.57871	464	2	0.10543	0.023082	0.56067	1.0	79	7	0.10543
ENSG00000142082	20	0.77649	0.44696	0.57871	465	4	0.12997	0.25635	0.93991	1.0	335	7	0.12997
ENSG00000141380	20	0.77949	0.44696	0.57871	466	3	0.029905	0.84838	0.99859	1.0	555	3	0.029905
ENSG00000151702	20	0.78157	0.44696	0.57871	467	2	0.50723	0.014235	0.48777	1.0	58	9	0.50723
ENSG00000123600	20	0.7842	0.44696	0.57871	468	3	0.054606	0.51863	0.98671	1.0	464	5	0.054606
ENSG00000119969	20	0.78445	0.44696	0.57871	469	3	0.49322	0.076186	0.79486	1.0	178	9	0.49322
ENSG00000168214	20	0.78496	0.44696	0.57871	470	3	0.34751	0.15244	0.88086	1.0	259	8	0.34751
ENSG00000136319	20	0.78874	0.44696	0.57871	471	3	0.25153	0.20665	0.92087	1.0	306	7	0.25153
ENSG00000124151	20	0.79112	0.44696	0.57871	472	3	0.66649	0.0035752	0.29293	1.0	30	11	0.66649
ENSG00000121297	20	0.7931	0.44696	0.57871	473	2	0.11552	0.010916	0.44686	1.0	50	7	0.11552
ENSG00000167311	20	0.79724	0.44697	0.57871	474	3	0.47608	0.01823	0.51988	1.0	67	9	0.47608
ENSG00000269897	20	0.80197	0.44697	0.57871	475	2	-0.0012613	0.30965	0.95121	1.0	366	7	-0.0012613
ENSG00000186462	20	0.81141	0.45407	0.585436	476	2	0.47104	0.0031336	0.27971	1.0	27	9	0.47104
ENSG00000143499	20	0.81287	0.45407	0.585436	477	2	0.24302	0.19837	0.91389	1.0	300	6	0.24302
ENSG00000158161	20	0.82087	0.48569	0.609823	478	3	0.60355	0.006943	0.38394	1.0	40	11	0.60355
ENSG00000118156	20	0.82419	0.4938	0.609823	479	1	0.40222	0.15565	0.88685	1.0	261	8	0.40222
ENSG00000116539	20	0.8245	0.4938	0.609823	480	2	0.16341	0.2329	0.93313	1.0	325	6	0.16341
ENSG00000152784	20	0.82786	0.4938	0.609823	481	2	0.31462	0.15824	0.88686	1.0	265	8	0.31462
ENSG00000176635	20	0.82833	0.4938	0.609823	482	3	-0.062561	0.13909	0.8661	1.0	245	6	-0.062561
ENSG00000189298	20	0.82889	0.4938	0.609823	483	2	0.48872	0.060736	0.74902	1.0	159	9	0.48872
ENSG00000138738	19	0.83118	0.47316	0.608767	484	3	0.37638	0.21418	0.91386	1.0	314	6	0.37638
ENSG00000179094	20	0.83293	0.4938	0.609823	485	2	-0.024236	0.16409	0.89279	1.0	273	5	-0.024236
ENSG00000235268	20	0.83556	0.4938	0.609823	486	2	0.31611	0.39143	0.96947	1.0	400	5	0.31611
ENSG00000122180	20	0.83614	0.4938	0.609823	487	2	0.37828	0.053201	0.71481	1.0	147	8	0.37828
ENSG00000142192	20	0.83679	0.4938	0.609823	488	3	0.46793	0.054523	0.7215	1.0	151	9	0.46793
ENSG00000169083	20	0.83923	0.49381	0.609823	489	2	0.61385	0.0036009	0.29293	1.0	31	11	0.61385
ENSG00000183072	20	0.84029	0.49381	0.609823	490	3	0.48689	0.012965	0.47295	1.0	56	10	0.48689
ENSG00000152804	20	0.84173	0.49381	0.609823	491	2	-0.11823	0.019866	0.541	1.0	71	4	-0.11823
ENSG00000171813	20	0.8475	0.49381	0.609823	492	3	0.22994	0.18542	0.90772	1.0	292	6	0.22994
ENSG00000197380	20	0.84789	0.49381	0.609823	493	3	0.27055	0.053876	0.71807	1.0	149	8	0.27055
ENSG00000160953	20	0.85003	0.49381	0.609823	494	3	0.23	0.010419	0.44137	1.0	46	7	0.23
ENSG00000153487	20	0.85026	0.49381	0.609823	495	3	-0.073584	0.1907	0.90885	1.0	297	3	-0.073584
ENSG00000164850	20	0.85185	0.49381	0.609823	496	2	0.43768	0.028797	0.6014	1.0	98	8	0.43768
ENSG00000130066	20	0.85211	0.49381	0.609823	497	3	0.38334	0.083336	0.80308	1.0	193	9	0.38334
ENSG00000119403	20	0.85247	0.49381	0.609823	498	2	-0.0555	0.21032	0.92088	1.0	309	6	-0.0555
ENSG00000127663	20	0.85463	0.52386	0.645639	499	3	-0.014724	0.90877	0.99955	1.0	568	3	-0.014724
ENSG00000166503	20	0.85548	0.53414	0.654376	500	3	0.7413	0.00035797	0.1073	1.0	9	12	0.7413
ENSG00000170142	20	0.85558	0.53414	0.654376	501	3	0.53881	0.010789	0.44585	1.0	49	11	0.53881
ENSG00000130382	20	0.85605	0.53414	0.654376	502	2	0.27028	0.017473	0.51573	1.0	65	8	0.27028
ENSG00000163104	20	0.85801	0.5424	0.663173	503	3	0.42283	0.0089616	0.41121	1.0	44	9	0.42283
ENSG00000137074	20	0.86187	0.57032	0.687751	504	3	0.13874	0.026007	0.57855	1.0	92	7	0.13874
ENSG00000116017	20	0.86219	0.57032	0.687751	505	2	0.2851	0.18654	0.90773	1.0	294	6	0.2851
ENSG00000145703	20	0.86298	0.57033	0.687751	506	1	0.69615	0.0031343	0.27971	1.0	28	11	0.69615
ENSG00000120616	20	0.86403	0.57033	0.687751	507	3	0.16427	0.29952	0.94925	1.0	361	6	0.16427
ENSG00000204406	20	0.86439	0.57033	0.687751	508	3	0.090597	0.58943	0.99105	1.0	491	5	0.090597
ENSG00000187098	20	0.86492	0.57033	0.687751	509	1	0.64281	0.0032384	0.27972	1.0	29	12	0.64281
ENSG00000143401	20	0.86517	0.57033	0.687751	510	2	0.43571	0.25425	0.9399	1.0	332	5	0.43571
ENSG00000177426	20	0.86918	0.59851	0.71335	511	2	0.16763	0.29515	0.94925	1.0	358	5	0.16763
ENSG00000173404	20	0.87011	0.59851	0.71335	512	1	0.31438	0.07915	0.79748	1.0	183	7	0.31438
ENSG00000141644	20	0.87022	0.59852	0.71335	513	2	0.10918	0.29395	0.94924	1.0	357	6	0.10918
ENSG00000189221	20	0.87058	0.59852	0.71335	514	3	0.66885	0.00030261	0.099628	1.0	8	11	0.66885
ENSG00000181965	20	0.87241	0.59852	0.71335	515	2	-0.046405	0.30121	0.94925	1.0	362	6	-0.046405
ENSG00000124496	20	0.87309	0.59852	0.71335	516	2	0.45121	0.023716	0.57464	1.0	83	10	0.45121
ENSG00000141446	20	0.87766	0.6069	0.716405	517	2	0.41394	0.005759	0.35283	1.0	39	8	0.41394
ENSG00000164442	20	0.87994	0.60691	0.716405	518	1	0.4457	0.061533	0.75289	1.0	160	8	0.4457
ENSG00000132510	20	0.88037	0.60691	0.716405	519	1	0.34706	0.012013	0.47294	1.0	53	7	0.34706
ENSG00000158806	20	0.88089	0.60691	0.716405	520	2	-0.11992	0.29313	0.94924	1.0	356	7	-0.11992
ENSG00000122304	20	0.88143	0.60691	0.716405	521	1	0.35778	0.08685	0.81407	1.0	199	7	0.35778
ENSG00000164105	20	0.88228	0.61648	0.724939	522	1	0.29702	0.40629	0.97195	1.0	409	6	0.29702
ENSG00000178691	20	0.88842	0.61649	0.724939	523	3	0.35293	0.023883	0.57634	1.0	84	8	0.35293
ENSG00000141510	20	0.89142	0.64204	0.745024	524	2	0.42755	0.030991	0.61477	1.0	101	9	0.42755
ENSG00000145391	20	0.89278	0.64204	0.745024	525	3	0.42677	0.055935	0.73884	1.0	154	8	0.42677
ENSG00000149124	20	0.89366	0.64204	0.745024	526	3	0.25865	0.055781	0.73884	1.0	153	6	0.25865
ENSG00000162039	20	0.89381	0.64204	0.745024	527	3	0.085717	0.48081	0.98172	1.0	443	6	0.085717
ENSG00000118900	20	0.89516	0.64205	0.745024	528	2	0.2058	0.15765	0.88686	1.0	264	5	0.2058
ENSG00000128573	20	0.8957	0.64205	0.745024	529	3	0.25194	0.081643	0.80187	1.0	188	8	0.25194
ENSG00000165156	20	0.89814	0.64205	0.745024	530	2	0.49552	0.068103	0.78112	1.0	171	9	0.49552
ENSG00000204304	20	0.90115	0.6526	0.75443	531	1	0.63788	0.00081935	0.15131	1.0	13	12	0.63788
ENSG00000257923	20	0.90218	0.65261	0.75443	532	3	0.17242	0.057031	0.73885	1.0	155	7	0.17242
ENSG00000138050	20	0.91596	0.66267	0.764615	533	2	0.17391	0.57491	0.98933	1.0	485	5	0.17391
ENSG00000135903	20	0.91906	0.69021	0.790474	534	2	0.522	0.020076	0.541	1.0	73	10	0.522
ENSG00000185122	20	0.92002	0.69021	0.790474	535	1	0.61253	0.0046081	0.32169	1.0	34	11	0.61253
ENSG00000136574	20	0.92038	0.69022	0.790474	536	2	0.011146	0.10542	0.82767	1.0	222	8	0.011146
ENSG00000115289	20	0.9213	0.69022	0.790474	537	2	0.2813	0.030949	0.61195	1.0	100	9	0.2813
ENSG00000124813	20	0.92775	0.69713	0.792486	538	2	0.12005	0.024884	0.57634	1.0	87	5	0.12005
ENSG00000175325	20	0.92841	0.69713	0.792486	539	1	-0.072816	0.058708	0.73995	1.0	157	5	-0.072816
ENSG00000132275	20	0.93154	0.69713	0.792486	540	2	0.44579	0.088345	0.81407	1.0	204	9	0.44579
ENSG00000168283	20	0.93496	0.71662	0.804249	541	2	0.10578	0.15965	0.89024	1.0	266	5	0.10578
ENSG00000165097	20	0.93537	0.71663	0.804249	542	2	0.51078	0.031741	0.61679	1.0	104	10	0.51078
ENSG00000158636	20	0.93568	0.71663	0.804249	543	2	0.49319	0.03021	0.60141	1.0	99	9	0.49319
ENSG00000164306	18	0.93659	0.69519	0.792486	544	2	0.30778	0.094976	0.78094	1.0	214	6	0.30778
ENSG00000179772	20	0.93702	0.71663	0.804249	545	2	0.30099	0.087185	0.81407	1.0	201	8	0.30099
ENSG00000119684	20	0.9372	0.71663	0.804249	546	1	0.29516	0.16261	0.89279	1.0	270	8	0.29516
ENSG00000162344	20	0.93802	0.71663	0.804249	547	2	0.17509	0.47787	0.98171	1.0	441	6	0.17509
ENSG00000181472	20	0.94201	0.7239	0.805571	548	1	0.37004	0.070382	0.78113	1.0	172	9	0.37004
ENSG00000152217	19	0.9437	0.7118	0.804249	549	2	0.048562	0.33253	0.95356	1.0	375	6	0.048562
ENSG00000186350	20	0.94381	0.73221	0.805571	550	1	0.47223	0.023186	0.57167	1.0	81	10	0.47223
ENSG00000128510	20	0.94794	0.73221	0.805571	551	2	0.63197	0.0046477	0.32586	1.0	35	11	0.63197
ENSG00000151503	20	0.94824	0.73221	0.805571	552	1	0.48272	0.16078	0.89279	1.0	267	8	0.48272
ENSG00000116273	19	0.94896	0.72215	0.805571	553	2	0.15367	0.089686	0.79175	1.0	207	8	0.15367
ENSG00000124795	20	0.94913	0.73221	0.805571	554	2	0.4431	0.027516	0.58813	1.0	95	9	0.4431
ENSG00000147548	20	0.94929	0.73221	0.805571	555	1	0.26947	0.067147	0.77677	1.0	169	9	0.26947
ENSG00000183576	20	0.94963	0.73221	0.805571	556	2	0.15407	0.020596	0.541	1.0	75	9	0.15407
ENSG00000135899	19	0.95157	0.72216	0.805571	557	2	0.24266	0.1768	0.89072	1.0	283	7	0.24266
ENSG00000170820	20	0.95356	0.73222	0.805571	558	2	0.27274	0.33151	0.96038	1.0	374	6	0.27274
ENSG00000176171	20	0.95531	0.73222	0.805571	559	2	0.34917	0.035497	0.63034	1.0	108	6	0.34917
ENSG00000163508	20	0.95779	0.74166	0.805875	560	2	0.33263	0.20746	0.92087	1.0	308	6	0.33263
ENSG00000168556	20	0.9593	0.74166	0.805875	561	1	0.28272	0.13191	0.85913	1.0	241	7	0.28272
ENSG00000204227	20	0.95994	0.74166	0.805875	562	2	0.42487	0.046466	0.69095	1.0	128	8	0.42487
ENSG00000147488	20	0.96014	0.74166	0.805875	563	2	0.33506	0.14769	0.87932	1.0	254	6	0.33506
ENSG00000205835	19	0.9612	0.7451	0.808174	564	1	0.49145	0.052505	0.7091	1.0	145	9	0.49145
ENSG00000148400	20	0.96133	0.74167	0.805875	565	2	0.32944	0.040141	0.66675	1.0	116	6	0.32944
ENSG00000156983	20	0.9616	0.74167	0.805875	566	2	0.63317	0.0015084	0.21502	1.0	19	10	0.63317
ENSG00000173200	20	0.96249	0.74167	0.805875	567	2	0.1675	0.53133	0.98777	1.0	470	5	0.1675
ENSG00000163530	20	0.96395	0.75185	0.812642	568	2	0.46962	0.0314	0.61679	1.0	103	10	0.46962
ENSG00000197921	20	0.96569	0.75186	0.812642	569	2	0.18108	0.18946	0.90773	1.0	296	6	0.18108
ENSG00000117139	20	0.96781	0.76369	0.818247	570	2	0.24606	0.1827	0.90772	1.0	289	8	0.24606
ENSG00000173193	20	0.96831	0.7637	0.818247	571	2	0.33159	0.48443	0.9822	1.0	446	4	0.33159
ENSG00000167771	20	0.96834	0.7637	0.818247	572	1	0.23525	0.082088	0.80188	1.0	189	6	0.23525
ENSG00000153046	20	0.96864	0.7637	0.818247	573	1	0.18757	0.39344	0.96948	1.0	402	3	0.18757
ENSG00000143321	20	0.96992	0.7637	0.818247	574	2	0.30589	0.24871	0.93802	1.0	326	7	0.30589
ENSG00000186310	20	0.9704	0.77673	0.829327	575	1	-0.18236	0.18123	0.90575	1.0	287	6	-0.18236
ENSG00000166949	20	0.97233	0.77674	0.829327	576	2	0.33189	0.1756	0.9002	1.0	282	6	0.33189
ENSG00000138375	20	0.97352	0.78922	0.836853	577	2	0.31307	0.12291	0.85252	1.0	236	7	0.31307
ENSG00000184634	20	0.9779	0.78923	0.836853	578	1	1.037	1.8164e-07	0.0012939	0.397866	2	13	1.037
ENSG00000168395	19	0.97925	0.79418	0.84065	579	1	0.37395	0.080296	0.77586	1.0	185	7	0.37395
ENSG00000170965	20	0.98031	0.78923	0.836853	580	1	0.38112	0.16657	0.8928	1.0	275	8	0.38112
ENSG00000140995	20	0.98161	0.78923	0.836853	581	1	-0.10556	0.34458	0.96165	1.0	379	2	-0.10556
ENSG00000171148	20	0.98427	0.81244	0.857032	582	1	0.71375	6.1183e-05	0.043798	1.0	6	13	0.71375
ENSG00000272333	20	0.9847	0.81244	0.857032	583	1	0.52687	0.018331	0.52442	1.0	68	10	0.52687
ENSG00000184788	20	0.9857	0.82339	0.867101	584	1	0.31298	0.089275	0.81408	1.0	206	7	0.31298
ENSG00000142623	20	0.98699	0.83448	0.872807	585	1	0.035119	0.022316	0.56066	1.0	77	5	0.035119
ENSG00000140396	20	0.98759	0.83448	0.872807	586	1	0.52471	0.016139	0.50552	1.0	60	10	0.52471
ENSG00000119778	20	0.98786	0.83448	0.872807	587	1	0.37789	0.21772	0.92638	1.0	316	7	0.37789
ENSG00000163602	20	0.98925	0.83449	0.872807	588	1	0.41471	0.027728	0.58813	1.0	96	8	0.41471
ENSG00000134046	20	0.99008	0.8461	0.88195	589	1	0.35985	0.047666	0.69569	1.0	131	7	0.35985
ENSG00000179348	20	0.9904	0.8461	0.88195	590	1	0.58173	0.0024112	0.25802	1.0	24	11	0.58173
ENSG00000146414	20	0.99176	0.85742	0.890743	591	1	0.47911	0.049765	0.70247	1.0	138	9	0.47911
ENSG00000186280	20	0.99342	0.85743	0.890743	592	1	0.2362	0.33777	0.9611	1.0	376	7	0.2362
ENSG00000183814	20	0.9938	0.86921	0.898437	593	1	0.48958	0.031317	0.61679	1.0	102	10	0.48958
ENSG00000140455	20	0.99463	0.86922	0.898437	594	1	0.35233	0.034072	0.62686	1.0	105	7	0.35233
ENSG00000173011	20	0.99478	0.86922	0.898437	595	1	1.407	2.0427e-10	2.4787e-05	0.015244	1	16	1.407
ENSG00000121903	20	0.99627	0.89225	0.920696	596	1	0.11744	0.18336	0.90772	1.0	291	8	0.11744
ENSG00000173473	20	0.99635	0.90341	0.925991	597	1	0.22848	0.065718	0.76576	1.0	167	8	0.22848
ENSG00000144355	20	0.99649	0.90341	0.925991	598	1	0.26282	0.17427	0.89846	1.0	278	7	0.26282
ENSG00000126778	20	0.99651	0.90341	0.925991	599	1	0.24267	0.11198	0.83246	1.0	230	4	0.24267
ENSG00000148516	20	0.99662	0.90341	0.925991	600	1	0.67602	0.0018012	0.23152	1.0	21	12	0.67602
ENSG00000152382	20	0.99709	0.91451	0.935813	601	0	0.86657	0.00016021	0.075347	1.0	7	13	0.86657
ENSG00000186625	20	0.99758	0.92408	0.942468	602	0	0.5643	0.0015239	0.21503	1.0	20	10	0.5643
ENSG00000121988	20	0.99762	0.92408	0.942468	603	0	0.24782	0.039832	0.66283	1.0	115	8	0.24782
ENSG00000117713	20	0.99791	0.93296	0.946827	604	0	0.31011	0.021613	0.54766	1.0	76	9	0.31011
ENSG00000118058	20	0.99801	0.93297	0.946827	605	0	0.47221	0.026248	0.57855	1.0	93	9	0.47221
ENSG00000166446	20	0.99827	0.93297	0.946827	606	0	0.34779	0.037184	0.65796	1.0	111	7	0.34779
ENSG00000157933	20	0.99845	0.94044	0.951275	607	0	0.25476	0.086953	0.81407	1.0	200	5	0.25476
ENSG00000171843	20	0.99852	0.94045	0.951275	608	0	0.70048	0.00038803	0.1105	1.0	10	13	0.70048
ENSG00000124422	20	0.99924	0.9536	0.962999	609	0	0.55294	0.010757	0.44585	1.0	48	10	0.55294
ENSG00000163635	20	0.99937	0.95883	0.966688	610	0	0.26166	0.050487	0.70522	1.0	141	5	0.26166
ENSG00000157259	20	0.99941	0.96346	0.969767	611	0	0.25748	0.27663	0.94601	1.0	347	7	0.25748
ENSG00000137203	20	0.99983	0.98301	0.98783	612	0	0.6081	0.0041351	0.30704	1.0	33	11	0.6081
ENSG00000149474	20	0.99992	0.99492	0.998165	613	0	0.23643	0.6792	0.99568	1.0	513	4	0.23643
ENSG00000181090	20	0.99999	0.99863	1.0	614	0	0.78468	3.985e-05	0.037671	1.0	5	12	0.78468
