id	num	neg|score	neg|p-value	neg|fdr	neg|rank	neg|goodsgrna	neg|lfc	pos|score	pos|p-value	pos|fdr	pos|rank	pos|goodsgrna	pos|lfc
ENSG00000173011	20	3.8644e-14	4.9574e-06	0.001016	1	19	-0.78268	1.0	1.0	1.0	614	0	-0.78268
ENSG00000152382	20	1.2547e-09	4.9574e-06	0.001016	2	15	-0.54882	0.89764	0.91774	0.957916	589	1	-0.54882
ENSG00000184634	20	2.2737e-08	4.9574e-06	0.001016	3	11	-0.36935	0.68561	0.74494	0.847555	534	3	-0.36935
ENSG00000124422	20	1.2647e-06	6.4446e-05	0.009909	4	14	-0.37721	0.9229	0.92832	0.957916	596	3	-0.37721
ENSG00000181090	20	5.3377e-06	0.00036189	0.044512	5	13	-0.42062	0.97488	0.97171	0.980575	608	1	-0.42062
ENSG00000204371	20	1.2339e-05	0.00056018	0.057419	6	12	-0.42951	0.40334	0.44018	0.622323	435	4	-0.42951
ENSG00000176476	20	7.2437e-05	0.0027613	0.242596	7	11	-0.33259	0.93746	0.93643	0.959853	599	1	-0.33259
ENSG00000126012	20	0.0001223	0.0044765	0.344131	8	12	-0.28287	0.99826	0.98943	0.994276	612	1	-0.28287
ENSG00000171148	20	0.00025871	0.0092851	0.634485	9	12	-0.33938	0.91433	0.92831	0.957916	595	1	-0.33938
ENSG00000124702	20	0.00047516	0.012408	0.76311	10	12	-0.28425	0.73751	0.77684	0.863941	551	3	-0.28425
ENSG00000126351	20	0.00062514	0.015531	0.868348	11	12	-0.24313	0.82221	0.83975	0.902881	571	3	-0.24313
ENSG00000166949	20	0.00072579	0.017832	0.913872	12	10	-0.17493	0.74817	0.78619	0.87276	554	3	-0.17493
ENSG00000179361	20	0.00080679	0.019418	0.918621	13	6	0.062544	0.019686	0.012735	0.1169	67	6	0.062544
ENSG00000132475	20	0.0014567	0.032615	1.0	14	9	-0.12738	0.23956	0.23111	0.410801	343	6	-0.12738
ENSG00000145287	20	0.0024185	0.041805	1.0	15	4	0.089339	0.013882	0.009771	0.103606	57	9	0.089339
ENSG00000137834	20	0.0025763	0.043848	1.0	16	5	0.17289	0.02858	0.01914	0.133835	87	9	0.17289
ENSG00000124496	20	0.0031613	0.049559	1.0	17	7	-0.10191	0.18156	0.15634	0.325951	293	6	-0.10191
ENSG00000147050	20	0.0032242	0.049559	1.0	18	9	-0.14191	0.41865	0.46051	0.641149	436	4	-0.14191
ENSG00000115548	20	0.0034875	0.057094	1.0	19	6	0.044867	0.30744	0.30729	0.478458	393	7	0.044867
ENSG00000146247	20	0.0035537	0.057629	1.0	20	6	-0.079285	0.91067	0.92831	0.957916	592	3	-0.079285
ENSG00000198890	20	0.0040175	0.068149	1.0	21	11	-0.28712	0.25078	0.2542	0.416902	356	3	-0.28712
ENSG00000118058	20	0.0040278	0.069408	1.0	22	6	0.069077	0.10297	0.086511	0.254595	207	6	0.069077
ENSG00000183337	19	0.0045016	0.067346	1.0	23	6	0.096652	0.058866	0.043402	0.193232	140	6	0.096652
ENSG00000187531	20	0.0048007	0.077806	1.0	24	10	-0.16242	0.12454	0.11905	0.303016	228	7	-0.16242
ENSG00000152784	20	0.0049107	0.078064	1.0	25	10	-0.20329	0.70812	0.75109	0.847555	542	5	-0.20329
ENSG00000168556	20	0.0049785	0.07852	1.0	26	8	-0.1421	0.45512	0.48981	0.66345	452	3	-0.1421
ENSG00000188312	20	0.0051409	0.079452	1.0	27	11	-0.18737	0.50587	0.51766	0.670237	476	3	-0.18737
ENSG00000181472	20	0.0053119	0.081811	1.0	28	11	-0.27557	0.13595	0.13001	0.30839	247	5	-0.27557
ENSG00000166446	20	0.0056346	0.083963	1.0	29	6	0.014384	0.079985	0.063539	0.23122	170	8	0.014384
ENSG00000187098	20	0.005723	0.085926	1.0	30	10	-0.23856	0.93444	0.93151	0.957995	598	2	-0.23856
ENSG00000171843	20	0.006044	0.089495	1.0	31	7	-0.053197	0.26207	0.25421	0.416902	369	7	-0.053197
ENSG00000182979	20	0.0061488	0.089495	1.0	32	9	-0.15593	0.16947	0.14821	0.319649	280	5	-0.15593
ENSG00000119760	20	0.0075116	0.096108	1.0	33	9	-0.14372	0.60715	0.64296	0.7723	511	3	-0.14372
ENSG00000138617	20	0.0076996	0.096118	1.0	34	10	-0.24916	0.97317	0.9717	0.980575	607	1	-0.24916
ENSG00000117713	20	0.0079318	0.098419	1.0	35	10	-0.1944	0.34081	0.33964	0.510712	408	4	-0.1944
ENSG00000170854	20	0.0079408	0.098419	1.0	36	9	-0.14961	0.10059	0.083656	0.253439	202	2	-0.14961
ENSG00000166503	20	0.0083577	0.099955	1.0	37	11	-0.18385	0.65803	0.70889	0.824145	523	5	-0.18385
ENSG00000155545	20	0.0085124	0.10075	1.0	38	10	-0.22596	0.77992	0.81534	0.887905	564	2	-0.22596
ENSG00000198408	20	0.008617	0.10076	1.0	39	9	0.042747	0.16289	0.14243	0.318525	276	6	0.042747
ENSG00000168769	20	0.0088408	0.10173	1.0	40	8	-0.06627	0.041918	0.030205	0.175247	106	5	-0.06627
ENSG00000117139	20	0.009091	0.10525	1.0	41	8	-0.035838	0.45334	0.4898	0.66345	451	5	-0.035838
ENSG00000125931	20	0.0096889	0.10867	1.0	42	11	-0.20296	0.38095	0.40973	0.590128	427	4	-0.20296
ENSG00000171861	20	0.010328	0.11624	1.0	43	8	-0.050705	0.10172	0.083656	0.253439	203	7	-0.050705
ENSG00000125686	20	0.010357	0.11625	1.0	44	11	-0.19913	0.82849	0.84801	0.91017	573	3	-0.19913
ENSG00000167771	20	0.01044	0.11625	1.0	45	6	-0.070581	0.51818	0.5452	0.694194	481	5	-0.070581
ENSG00000172943	20	0.010717	0.11771	1.0	46	11	-0.19294	0.097662	0.083646	0.253439	197	2	-0.19294
ENSG00000178691	20	0.011002	0.12191	1.0	47	8	-0.14126	0.42023	0.46051	0.641149	437	6	-0.14126
ENSG00000150347	20	0.011778	0.12338	1.0	48	6	0.0065366	0.5731	0.61223	0.756067	498	5	0.0065366
ENSG00000166987	19	0.011784	0.12596	1.0	49	8	-0.049564	0.69293	0.73235	0.841857	539	3	-0.049564
ENSG00000142453	20	0.011912	0.12505	1.0	50	11	-0.21887	0.99893	0.99147	0.994703	613	1	-0.21887
ENSG00000134046	20	0.014484	0.15771	1.0	51	10	-0.1982	0.54282	0.5742	0.722149	488	2	-0.1982
ENSG00000139083	20	0.015224	0.16117	1.0	52	8	-0.14024	0.38035	0.40973	0.590128	426	4	-0.14024
ENSG00000239306	20	0.015325	0.16117	1.0	53	7	-0.10394	0.57605	0.61483	0.757753	499	5	-0.10394
ENSG00000204227	20	0.016813	0.17069	1.0	54	8	-0.098344	0.16006	0.13539	0.30839	271	6	-0.098344
ENSG00000188662	20	0.018514	0.18022	1.0	55	6	-0.024039	0.87455	0.89232	0.939687	584	3	-0.024039
ENSG00000165494	20	0.018585	0.18022	1.0	56	9	-0.14257	0.059634	0.045999	0.193232	141	5	-0.14257
ENSG00000197157	20	0.019163	0.18376	1.0	57	10	-0.12332	0.45581	0.48981	0.66345	453	5	-0.12332
ENSG00000171490	20	0.020003	0.19308	1.0	58	6	-0.018273	0.0744	0.058066	0.220204	163	7	-0.018273
ENSG00000151090	20	0.020502	0.19308	1.0	59	6	0.013642	0.28162	0.27795	0.442871	379	7	0.013642
ENSG00000140044	20	0.021384	0.19309	1.0	60	8	0.0064302	0.76141	0.79711	0.873848	558	5	0.0064302
ENSG00000135829	20	0.021568	0.19826	1.0	61	5	-0.0051247	0.016813	0.010842	0.104183	64	5	-0.0051247
ENSG00000176171	20	0.021932	0.19826	1.0	62	7	-0.03393	0.24895	0.24758	0.416902	355	5	-0.03393
ENSG00000121152	18	0.024402	0.19242	1.0	63	9	-0.21219	0.39234	0.41853	0.599984	432	6	-0.21219
ENSG00000164190	19	0.024646	0.20329	1.0	64	8	0.031594	0.07893	0.066493	0.240549	169	5	0.031594
ENSG00000141448	20	0.024725	0.20691	1.0	65	6	-0.015558	0.42057	0.46051	0.641149	438	5	-0.015558
ENSG00000163348	20	0.024971	0.20767	1.0	66	7	0.0063178	0.28548	0.27795	0.442871	382	4	0.0063178
ENSG00000150687	20	0.025015	0.20767	1.0	67	7	-0.10487	0.034579	0.023969	0.158504	94	5	-0.10487
ENSG00000173894	20	0.025864	0.21426	1.0	68	9	-0.1412	0.48685	0.50811	0.66345	469	2	-0.1412
ENSG00000163872	20	0.026089	0.21427	1.0	69	9	-0.13385	0.89652	0.91774	0.957916	588	3	-0.13385
ENSG00000136824	20	0.0263	0.21612	1.0	70	7	0.11752	0.037093	0.027102	0.166738	98	6	0.11752
ENSG00000136574	20	0.026716	0.21994	1.0	71	10	-0.17402	0.85113	0.86786	0.918648	580	3	-0.17402
ENSG00000153814	20	0.027506	0.22137	1.0	72	8	-0.057273	0.75257	0.78807	0.873264	555	4	-0.057273
ENSG00000116005	20	0.027538	0.22138	1.0	73	9	-0.16958	0.24014	0.23112	0.410801	345	6	-0.16958
ENSG00000129514	20	0.027629	0.22138	1.0	74	7	-0.083109	0.63413	0.68316	0.809948	517	3	-0.083109
ENSG00000189298	20	0.028476	0.22745	1.0	75	9	-0.11565	0.38923	0.42532	0.605486	431	5	-0.11565
ENSG00000139154	20	0.028735	0.22745	1.0	76	7	0.020541	0.15606	0.13539	0.30839	266	4	0.020541
ENSG00000204304	20	0.028904	0.22745	1.0	77	5	-0.047812	0.35328	0.35507	0.527476	410	6	-0.047812
ENSG00000171681	20	0.031857	0.24199	1.0	78	6	0.1853	0.05693	0.045167	0.193232	135	10	0.1853
ENSG00000128908	20	0.032576	0.242	1.0	79	6	0.010964	0.17465	0.15072	0.319649	285	8	0.010964
ENSG00000164442	20	0.033207	0.24673	1.0	80	7	-0.022268	0.42542	0.4633	0.641149	440	6	-0.022268
ENSG00000184402	20	0.033548	0.24674	1.0	81	7	-0.093316	0.46859	0.4978	0.66345	459	4	-0.093316
ENSG00000269897	20	0.03392	0.24674	1.0	82	6	0.021571	0.36916	0.39512	0.57719	419	6	0.021571
ENSG00000186462	20	0.034139	0.24674	1.0	83	6	0.21744	0.004443	0.002672	0.056938	27	11	0.21744
ENSG00000163508	20	0.034423	0.24902	1.0	84	9	-0.15239	0.48494	0.50811	0.66345	466	6	-0.15239
ENSG00000187790	19	0.035463	0.25388	1.0	85	8	-0.13588	0.28014	0.27637	0.442871	378	3	-0.13588
ENSG00000157613	20	0.0357	0.25506	1.0	86	8	-0.14743	0.72453	0.77175	0.863941	547	2	-0.14743
ENSG00000119969	20	0.036635	0.26388	1.0	87	10	-0.16926	0.21133	0.19891	0.382288	316	6	-0.16926
ENSG00000175325	20	0.037258	0.26949	1.0	88	8	0.042681	0.075352	0.06222	0.229133	166	7	0.042681
ENSG00000185818	20	0.037954	0.28789	1.0	89	7	-0.050598	0.55341	0.57872	0.723398	490	6	-0.050598
ENSG00000141837	20	0.038447	0.28989	1.0	90	9	-0.16346	0.22702	0.22125	0.406198	331	5	-0.16346
ENSG00000163623	19	0.038679	0.27325	1.0	91	5	0.046872	0.15864	0.14578	0.319649	269	6	0.046872
ENSG00000116750	20	0.038713	0.28989	1.0	92	6	0.14897	0.23981	0.23112	0.410801	344	8	0.14897
ENSG00000128573	20	0.03902	0.2899	1.0	93	8	-0.11296	0.55941	0.58592	0.727969	493	2	-0.11296
ENSG00000123364	20	0.039282	0.2899	1.0	94	9	-0.11406	0.25597	0.2542	0.416902	362	6	-0.11406
ENSG00000186280	20	0.039499	0.29204	1.0	95	9	-0.067426	0.79229	0.8186	0.887905	567	4	-0.067426
ENSG00000137815	20	0.039723	0.29204	1.0	96	9	-0.14508	0.16175	0.14052	0.316548	274	7	-0.14508
ENSG00000123219	20	0.041767	0.29927	1.0	97	5	0.19297	0.12027	0.1095	0.297985	226	8	0.19297
ENSG00000143390	20	0.041918	0.29927	1.0	98	7	0.14044	0.0060899	0.0033264	0.056938	35	10	0.14044
ENSG00000160224	20	0.043268	0.30765	1.0	99	6	-0.11486	0.059771	0.045999	0.193232	142	6	-0.11486
ENSG00000196498	20	0.043823	0.30766	1.0	100	9	-0.15253	0.052689	0.042876	0.193232	127	4	-0.15253
ENSG00000139515	20	0.044005	0.31031	1.0	101	6	-0.035472	0.13357	0.12442	0.30839	245	7	-0.035472
ENSG00000125817	20	0.045466	0.31693	1.0	102	7	0.012497	0.13136	0.12022	0.303016	242	6	0.012497
ENSG00000168702	20	0.046557	0.31694	1.0	103	6	-0.090138	0.85581	0.86786	0.918648	581	4	-0.090138
ENSG00000138738	19	0.047216	0.30618	1.0	104	6	-0.11232	0.52508	0.56412	0.715332	483	5	-0.11232
ENSG00000186310	20	0.047405	0.32514	1.0	105	8	-0.1678	0.19217	0.1796	0.363336	303	2	-0.1678
ENSG00000174579	20	0.047666	0.32514	1.0	106	7	-0.048098	0.33206	0.33824	0.510712	403	6	-0.048098
ENSG00000147854	20	0.047837	0.32514	1.0	107	9	-0.12777	0.057124	0.045167	0.193232	136	5	-0.12777
ENSG00000198026	20	0.048099	0.32515	1.0	108	8	0.054218	0.099124	0.083656	0.253439	200	7	0.054218
ENSG00000145703	20	0.048284	0.32515	1.0	109	9	-0.069208	0.28993	0.27796	0.442871	384	5	-0.069208
ENSG00000137812	20	0.049851	0.32803	1.0	110	8	0.019437	0.15181	0.13538	0.30839	261	8	0.019437
ENSG00000148400	20	0.050282	0.32804	1.0	111	8	0.00048809	0.12018	0.10949	0.297985	225	9	0.00048809
ENSG00000147488	20	0.052709	0.33783	1.0	112	8	0.023974	0.71292	0.75109	0.847555	544	5	0.023974
ENSG00000166477	20	0.054326	0.3489	1.0	113	7	-0.042656	0.068505	0.04947	0.197557	154	7	-0.042656
ENSG00000158711	20	0.054548	0.3489	1.0	114	8	-0.076757	0.025456	0.016444	0.12478	79	3	-0.076757
ENSG00000161036	20	0.054652	0.34891	1.0	115	8	-0.13614	0.51313	0.53013	0.680642	479	5	-0.13614
ENSG00000132646	20	0.054797	0.34891	1.0	116	7	-0.15462	0.036475	0.026021	0.166698	97	6	-0.15462
ENSG00000157259	20	0.054898	0.34891	1.0	117	9	-0.18329	0.84676	0.86785	0.918648	578	4	-0.18329
ENSG00000141644	20	0.05582	0.35285	1.0	118	7	-0.036237	0.23206	0.22859	0.410801	336	4	-0.036237
ENSG00000171617	20	0.05623	0.35874	1.0	119	8	-0.13266	0.7834	0.8186	0.887905	565	3	-0.13266
ENSG00000136931	20	0.056398	0.35875	1.0	120	7	-0.10415	0.88987	0.9144	0.957916	586	2	-0.10415
ENSG00000125820	20	0.056657	0.36043	1.0	121	9	-0.092862	0.049869	0.042866	0.193232	119	7	-0.092862
ENSG00000185122	20	0.056749	0.36043	1.0	122	6	0.022882	0.69288	0.75108	0.847555	538	5	0.022882
ENSG00000183955	20	0.057298	0.36043	1.0	123	8	-0.013813	0.38535	0.42248	0.602845	429	7	-0.013813
ENSG00000162961	20	0.057758	0.36043	1.0	124	7	-0.10725	0.80831	0.83325	0.900612	569	3	-0.10725
ENSG00000138050	20	0.058076	0.36043	1.0	125	6	0.085772	0.11286	0.094988	0.270876	216	8	0.085772
ENSG00000159259	20	0.058832	0.36043	1.0	126	8	0.092051	0.028264	0.018189	0.130069	86	8	0.092051
ENSG00000198945	20	0.059011	0.36043	1.0	127	8	-0.052027	0.59399	0.63967	0.7723	503	5	-0.052027
ENSG00000197380	20	0.059462	0.36044	1.0	128	9	0.062751	0.00405	0.002444	0.056938	25	8	0.062751
ENSG00000168395	19	0.060724	0.33637	1.0	129	9	-0.17196	0.30209	0.30898	0.479852	389	6	-0.17196
ENSG00000196843	20	0.060895	0.36044	1.0	130	9	-0.039946	0.24726	0.2453	0.416902	353	6	-0.039946
ENSG00000135476	20	0.061484	0.36044	1.0	131	5	0.022667	0.11359	0.09936	0.281598	217	7	0.022667
ENSG00000130382	20	0.061752	0.36044	1.0	132	9	-0.097941	0.96523	0.96438	0.980322	605	1	-0.097941
ENSG00000197724	20	0.061761	0.36044	1.0	133	5	-0.0091509	0.19944	0.19744	0.382288	307	6	-0.0091509
ENSG00000140995	20	0.062502	0.363	1.0	134	7	0.039687	0.05655	0.045157	0.193232	134	8	0.039687
ENSG00000198554	19	0.063193	0.35325	1.0	135	7	-0.015488	0.27817	0.2689	0.43866	377	7	-0.015488
ENSG00000116539	20	0.064086	0.3697	1.0	136	7	-0.085942	0.27635	0.26241	0.429205	376	6	-0.085942
ENSG00000127445	20	0.0649	0.37359	1.0	137	7	-0.055194	0.093235	0.080354	0.253439	191	7	-0.055194
ENSG00000198900	20	0.064904	0.37359	1.0	138	6	0.030343	0.58581	0.63202	0.7723	500	5	0.030343
ENSG00000124813	20	0.06499	0.37359	1.0	139	7	-0.041594	0.21895	0.20481	0.388767	325	6	-0.041594
ENSG00000132510	20	0.065742	0.37742	1.0	140	9	-0.063231	0.71302	0.75109	0.847555	545	5	-0.063231
ENSG00000144355	20	0.065852	0.37742	1.0	141	9	-0.15589	0.4706	0.4978	0.66345	460	5	-0.15589
ENSG00000132383	19	0.066054	0.37237	1.0	142	9	-0.11641	0.070182	0.058363	0.220204	157	5	-0.11641
ENSG00000139620	19	0.066337	0.37238	1.0	143	8	0.019876	0.050375	0.035926	0.193232	122	9	0.019876
ENSG00000132275	20	0.066413	0.37995	1.0	144	5	0.12673	0.078771	0.063529	0.23122	168	9	0.12673
ENSG00000188375	18	0.06739	0.36667	1.0	145	4	0.099996	0.011547	0.0063008	0.082447	48	8	0.099996
ENSG00000162344	20	0.067895	0.37995	1.0	146	6	0.016124	0.10267	0.086511	0.254595	205	9	0.016124
ENSG00000148835	20	0.067925	0.37995	1.0	147	5	0.12542	0.043467	0.036878	0.193232	110	7	0.12542
ENSG00000180198	20	0.068044	0.37996	1.0	148	8	-0.044416	0.010709	0.0065586	0.084032	47	5	-0.044416
ENSG00000221890	20	0.068731	0.37996	1.0	149	7	0.012421	0.15247	0.13538	0.30839	262	8	0.012421
ENSG00000143569	20	0.068894	0.37996	1.0	150	8	-0.0058403	0.13827	0.13002	0.30839	251	8	-0.0058403
ENSG00000148704	20	0.070301	0.38209	1.0	151	5	-0.012993	0.06303	0.04713	0.193232	145	5	-0.012993
ENSG00000183072	20	0.07089	0.38209	1.0	152	4	0.06848	0.087426	0.071728	0.242086	181	9	0.06848
ENSG00000138375	20	0.072065	0.3821	1.0	153	8	0.036587	0.0040847	0.0024539	0.056938	26	10	0.036587
ENSG00000122304	20	0.072341	0.3821	1.0	154	5	0.033307	0.074047	0.058066	0.220204	162	7	0.033307
ENSG00000142856	20	0.072378	0.3821	1.0	155	8	-0.063143	0.3643	0.39511	0.57719	417	5	-0.063143
ENSG00000151883	20	0.07462	0.39062	1.0	156	4	-0.012522	0.26165	0.2542	0.416902	368	5	-0.012522
ENSG00000179348	20	0.075445	0.39422	1.0	157	7	-0.048457	0.59679	0.63967	0.7723	507	5	-0.048457
ENSG00000129071	20	0.075784	0.39423	1.0	158	6	0.069405	0.25321	0.2542	0.416902	359	7	0.069405
ENSG00000173473	20	0.075963	0.39423	1.0	159	9	-0.1489	0.31135	0.3073	0.478458	396	5	-0.1489
ENSG00000125398	20	0.076299	0.39631	1.0	160	9	-0.13459	0.24531	0.23984	0.416902	349	4	-0.13459
ENSG00000116035	20	0.076346	0.39631	1.0	161	9	-0.020174	0.67254	0.72165	0.835808	531	5	-0.020174
ENSG00000140320	20	0.076711	0.39632	1.0	162	6	0.091845	0.24641	0.23985	0.416902	350	8	0.091845
ENSG00000179772	20	0.077385	0.40263	1.0	163	6	0.085876	0.25109	0.2542	0.416902	357	6	0.085876
ENSG00000198855	20	0.077642	0.40264	1.0	164	5	0.096287	0.095271	0.083646	0.253439	195	9	0.096287
ENSG00000135164	20	0.07766	0.40264	1.0	165	8	-0.096569	0.67974	0.72808	0.839551	533	4	-0.096569
ENSG00000129673	20	0.078149	0.40557	1.0	166	9	-0.1301	0.86341	0.87495	0.922986	582	2	-0.1301
ENSG00000119778	20	0.079645	0.41022	1.0	167	8	-0.079991	0.90926	0.92513	0.957916	591	3	-0.079991
ENSG00000135903	20	0.080483	0.4126	1.0	168	8	-0.12548	0.94237	0.93644	0.959853	600	2	-0.12548
ENSG00000171951	20	0.08142	0.41865	1.0	169	4	0.030879	0.18688	0.17481	0.359562	300	6	0.030879
ENSG00000116062	20	0.082827	0.42113	1.0	170	5	-0.024231	0.092739	0.079591	0.253439	189	5	-0.024231
ENSG00000176635	20	0.084451	0.42424	1.0	171	8	-0.21321	0.31414	0.31054	0.48107	397	5	-0.21321
ENSG00000117505	20	0.085041	0.42424	1.0	172	9	-0.2382	0.049208	0.042866	0.193232	117	7	-0.2382
ENSG00000141446	20	0.085814	0.42689	1.0	173	7	-0.12535	0.6435	0.68622	0.810045	519	5	-0.12535
ENSG00000128714	20	0.085877	0.42689	1.0	174	3	0.034601	0.43736	0.46704	0.641149	445	6	0.034601
ENSG00000173120	20	0.0862	0.42689	1.0	175	5	0.071639	0.0085466	0.0046054	0.065868	42	9	0.071639
ENSG00000120071	20	0.086666	0.42689	1.0	176	5	-0.091661	0.24871	0.24758	0.416902	354	8	-0.091661
ENSG00000168214	20	0.090079	0.44076	1.0	177	6	-0.12631	0.96117	0.95468	0.975028	603	2	-0.12631
ENSG00000173200	20	0.090313	0.44651	1.0	178	7	0.039634	0.16909	0.1482	0.319649	279	8	0.039634
ENSG00000115593	19	0.093013	0.44033	1.0	179	7	-0.11282	0.95951	0.96083	0.97833	602	3	-0.11282
ENSG00000135363	20	0.094137	0.47023	1.0	180	6	0.044224	0.1948	0.18649	0.374811	306	6	0.044224
ENSG00000170948	20	0.094729	0.47024	1.0	181	5	-0.093394	0.86478	0.87496	0.922986	583	4	-0.093394
ENSG00000173575	20	0.094751	0.47024	1.0	182	7	-0.019939	0.51765	0.5452	0.694194	480	5	-0.019939
ENSG00000148516	20	0.096265	0.47263	1.0	183	9	-0.10651	0.14893	0.13538	0.30839	259	4	-0.10651
ENSG00000139613	20	0.096553	0.47264	1.0	184	8	-0.069836	0.61821	0.67457	0.80401	515	5	-0.069836
ENSG00000128510	20	0.097501	0.47933	1.0	185	8	-0.1203	0.16979	0.14821	0.319649	281	6	-0.1203
ENSG00000171282	20	0.1009	0.48602	1.0	186	9	-0.13025	0.013817	0.009771	0.103606	55	7	-0.13025
ENSG00000166451	20	0.10103	0.48602	1.0	187	7	-0.14314	0.23743	0.2286	0.410801	341	6	-0.14314
ENSG00000159267	20	0.10104	0.48602	1.0	188	9	-0.11828	0.9796	0.9742	0.980575	611	2	-0.11828
ENSG00000147889	20	0.10119	0.48602	1.0	189	9	-0.15461	0.76109	0.79711	0.873848	557	4	-0.15461
ENSG00000163635	20	0.10204	0.48603	1.0	190	5	0.082537	0.12568	0.11906	0.303016	229	9	0.082537
ENSG00000184788	20	0.10297	0.48603	1.0	191	7	0.015194	0.49156	0.51765	0.670237	472	6	0.015194
ENSG00000142192	20	0.1035	0.4875	1.0	192	6	0.012597	0.79307	0.82577	0.894103	568	4	0.012597
ENSG00000162601	20	0.10665	0.49467	1.0	193	2	0.0010138	0.081281	0.0703	0.242086	171	8	0.0010138
ENSG00000171476	20	0.10714	0.49468	1.0	194	5	-0.0042784	0.067925	0.04947	0.197557	152	4	-0.0042784
ENSG00000140455	20	0.10785	0.49968	1.0	195	5	-0.057376	0.21641	0.19994	0.383054	322	8	-0.057376
ENSG00000143258	20	0.10815	0.49968	1.0	196	5	-0.11143	0.68816	0.74495	0.847555	536	5	-0.11143
ENSG00000166582	20	0.1093	0.50354	1.0	197	4	0.12128	0.2069	0.1989	0.382288	313	8	0.12128
ENSG00000167674	20	0.1104	0.50355	1.0	198	7	-0.15563	0.72808	0.77381	0.863941	549	4	-0.15563
ENSG00000132467	20	0.11075	0.50355	1.0	199	7	0.24232	0.0034718	0.0022655	0.056938	20	10	0.24232
ENSG00000183741	20	0.11183	0.5096	1.0	200	6	0.055102	0.13638	0.13002	0.30839	248	8	0.055102
ENSG00000140396	20	0.11219	0.5096	1.0	201	6	-0.11242	0.48341	0.5081	0.66345	464	4	-0.11242
ENSG00000189221	20	0.11223	0.5096	1.0	202	7	0.0047473	0.13706	0.13002	0.30839	249	8	0.0047473
ENSG00000189091	20	0.11353	0.50961	1.0	203	8	0.38044	6.8456e-06	4.9574e-06	0.000762	1	11	0.38044
ENSG00000185049	20	0.11363	0.50961	1.0	204	6	-0.099055	0.18096	0.15634	0.325951	291	8	-0.099055
ENSG00000136144	20	0.11363	0.50961	1.0	205	7	-0.024727	0.096196	0.083646	0.253439	196	7	-0.024727
ENSG00000135365	20	0.1155	0.5161	1.0	206	6	-0.092713	0.48813	0.50811	0.66345	470	5	-0.092713
ENSG00000121297	20	0.11655	0.51611	1.0	207	5	-0.075206	0.24311	0.23698	0.416902	347	6	-0.075206
ENSG00000115207	20	0.11708	0.51611	1.0	208	5	0.22987	0.011623	0.0075996	0.094751	49	11	0.22987
ENSG00000169189	20	0.11725	0.51611	1.0	209	7	-0.028529	0.21347	0.19891	0.382288	320	6	-0.028529
ENSG00000163930	20	0.11794	0.51952	1.0	210	4	0.076028	0.083782	0.071718	0.242086	176	6	0.076028
ENSG00000117115	20	0.11841	0.51952	1.0	211	7	0.07623	0.53255	0.57207	0.720955	484	5	0.07623
ENSG00000196535	20	0.11879	0.51952	1.0	212	8	-0.052915	0.35367	0.35507	0.527476	411	5	-0.052915
ENSG00000135999	20	0.11937	0.51953	1.0	213	4	0.055104	0.02623	0.016453	0.12478	81	8	0.055104
ENSG00000143452	20	0.11946	0.51953	1.0	214	6	0.032839	0.17499	0.15072	0.319649	286	6	0.032839
ENSG00000176692	20	0.1208	0.5226	1.0	215	2	0.10335	0.024009	0.014917	0.117613	78	6	0.10335
ENSG00000143995	20	0.12132	0.52608	1.0	216	7	-0.054307	0.32736	0.33424	0.510712	402	7	-0.054307
ENSG00000163961	20	0.12236	0.5284	1.0	217	7	-0.055714	0.22449	0.22125	0.406198	329	5	-0.055714
ENSG00000138785	20	0.12312	0.52841	1.0	218	7	-0.047041	0.39983	0.43205	0.612236	434	6	-0.047041
ENSG00000156219	20	0.12475	0.53132	1.0	219	7	-0.011239	0.25468	0.2542	0.416902	360	7	-0.011239
ENSG00000132522	20	0.1265	0.53133	1.0	220	4	0.041691	0.33645	0.33825	0.510712	405	4	0.041691
ENSG00000257923	20	0.12784	0.53455	1.0	221	8	-0.081089	0.10255	0.086511	0.254595	204	4	-0.081089
ENSG00000196591	20	0.12791	0.53455	1.0	222	7	-0.073152	0.22613	0.22125	0.406198	330	8	-0.073152
ENSG00000177700	20	0.13074	0.53803	1.0	223	3	0.18482	0.0060407	0.0032768	0.056938	34	9	0.18482
ENSG00000182013	20	0.13103	0.53803	1.0	224	7	0.0025654	0.5108	0.52625	0.677078	478	4	0.0025654
ENSG00000173039	20	0.13321	0.53804	1.0	225	5	0.043636	0.25761	0.2542	0.416902	364	5	0.043636
ENSG00000179094	20	0.13431	0.53804	1.0	226	6	0.0053361	0.13223	0.12022	0.303016	244	6	0.0053361
ENSG00000149474	20	0.13455	0.53804	1.0	227	8	-0.18272	0.66597	0.7089	0.824145	527	3	-0.18272
ENSG00000143799	20	0.1354	0.54692	1.0	228	5	-0.019071	0.26888	0.25421	0.416902	372	4	-0.019071
ENSG00000127616	20	0.13546	0.54692	1.0	229	6	0.082598	0.052187	0.042876	0.193232	126	8	0.082598
ENSG00000165097	20	0.13638	0.54693	1.0	230	6	0.13121	0.23305	0.22859	0.410801	338	8	0.13121
ENSG00000137074	20	0.13769	0.55091	1.0	231	7	-0.12528	0.29709	0.28862	0.458664	387	4	-0.12528
ENSG00000153391	20	0.13778	0.55091	1.0	232	5	0.082283	0.18821	0.1755	0.359766	301	6	0.082283
ENSG00000205683	20	0.13815	0.55092	1.0	233	5	0.061414	0.21685	0.2048	0.388767	323	7	0.061414
ENSG00000167754	20	0.13918	0.5528	1.0	234	7	0.0058358	0.25982	0.2542	0.416902	366	7	0.0058358
ENSG00000124795	20	0.14058	0.55281	1.0	235	4	0.065222	0.18472	0.16911	0.349024	296	8	0.065222
ENSG00000186625	20	0.14327	0.56402	1.0	236	7	-0.18872	0.84846	0.86785	0.918648	579	4	-0.18872
ENSG00000118513	20	0.14432	0.56403	1.0	237	8	-0.13334	0.23707	0.2286	0.410801	340	4	-0.13334
ENSG00000181965	20	0.14455	0.56679	1.0	238	7	0.067735	0.14661	0.13538	0.30839	257	8	0.067735
ENSG00000221926	20	0.14477	0.56679	1.0	239	5	0.067391	0.027022	0.01684	0.12478	82	7	0.067391
ENSG00000162039	20	0.14537	0.5668	1.0	240	5	0.056838	0.78804	0.8186	0.887905	566	4	0.056838
ENSG00000163530	20	0.14616	0.57059	1.0	241	4	0.13561	0.064859	0.04713	0.193232	149	8	0.13561
ENSG00000126756	20	0.14784	0.57432	1.0	242	8	-0.027946	0.088836	0.072035	0.242086	184	6	-0.027946
ENSG00000143401	20	0.14807	0.57432	1.0	243	6	0.019896	0.33449	0.33825	0.510712	404	5	0.019896
ENSG00000141027	20	0.14831	0.57432	1.0	244	7	-0.014907	0.50457	0.51766	0.670237	475	5	-0.014907
ENSG00000258315	20	0.14949	0.57433	1.0	245	7	-0.11181	0.11937	0.10591	0.290791	222	2	-0.11181
ENSG00000140534	20	0.1498	0.57433	1.0	246	5	0.32546	0.0022959	0.0010757	0.038917	17	10	0.32546
ENSG00000171456	20	0.15156	0.57857	1.0	247	7	0.15999	0.053853	0.042876	0.193232	129	8	0.15999
ENSG00000172534	20	0.1521	0.58257	1.0	248	5	0.047923	0.067015	0.04946	0.197557	151	7	0.047923
ENSG00000129194	20	0.1526	0.58257	1.0	249	8	-0.11759	0.11244	0.094978	0.270876	215	6	-0.11759
ENSG00000197275	20	0.15527	0.58927	1.0	250	8	-0.0054362	0.83499	0.85426	0.913685	574	4	-0.0054362
ENSG00000160310	20	0.15794	0.59099	1.0	251	7	0.01608	0.12933	0.12021	0.303016	237	5	0.01608
ENSG00000161653	20	0.15806	0.59099	1.0	252	8	-0.10244	0.27065	0.25421	0.416902	374	6	-0.10244
ENSG00000169857	20	0.15818	0.59099	1.0	253	5	0.10789	0.1079	0.09127	0.266024	212	8	0.10789
ENSG00000134250	20	0.15833	0.59099	1.0	254	3	-0.073217	0.13158	0.12022	0.303016	243	6	-0.073217
ENSG00000124523	20	0.16061	0.59368	1.0	255	8	-0.092505	0.28499	0.27795	0.442871	380	5	-0.092505
ENSG00000146918	20	0.16249	0.60156	1.0	256	7	0.10333	0.052141	0.042876	0.193232	125	7	0.10333
ENSG00000165671	20	0.16404	0.60157	1.0	257	5	0.049669	0.30684	0.30059	0.472795	392	6	0.049669
ENSG00000129152	20	0.16518	0.60157	1.0	258	4	0.035969	0.48549	0.50811	0.66345	468	6	0.035969
ENSG00000123569	20	0.16538	0.60157	1.0	259	5	0.026259	0.17883	0.15073	0.319649	287	7	0.026259
ENSG00000162992	20	0.16601	0.60405	1.0	260	4	0.016785	0.15857	0.13539	0.30839	268	6	0.016785
ENSG00000163322	20	0.16675	0.60405	1.0	261	4	0.13817	0.050295	0.042866	0.193232	121	9	0.13817
ENSG00000164985	20	0.16761	0.60406	1.0	262	6	-0.03782	0.32325	0.31725	0.487767	400	4	-0.03782
ENSG00000127511	20	0.16822	0.60668	1.0	263	6	0.13889	0.021399	0.01457	0.117613	73	9	0.13889
ENSG00000166313	20	0.16884	0.60668	1.0	264	6	0.029923	0.021726	0.01457	0.117613	76	5	0.029923
ENSG00000128708	20	0.17122	0.60935	1.0	265	8	-0.019481	0.14092	0.13165	0.30839	254	7	-0.019481
ENSG00000141504	20	0.17242	0.60936	1.0	266	7	-0.027748	0.055771	0.045157	0.193232	133	6	-0.027748
ENSG00000147601	20	0.17287	0.60936	1.0	267	7	0.033205	0.67255	0.72165	0.835808	532	5	0.033205
ENSG00000115274	20	0.17499	0.61442	1.0	268	5	-0.089427	0.094507	0.080364	0.253439	193	6	-0.089427
ENSG00000130711	20	0.17595	0.61883	1.0	269	8	-0.17645	0.95704	0.95467	0.975028	601	2	-0.17645
ENSG00000196781	20	0.17798	0.62075	1.0	270	7	-0.032152	0.0054355	0.0032669	0.056938	33	9	-0.032152
ENSG00000116670	20	0.17889	0.62419	1.0	271	5	-0.066707	0.15308	0.13538	0.30839	263	5	-0.066707
ENSG00000129744	20	0.17994	0.62744	1.0	272	6	-0.061967	0.072113	0.055874	0.216118	160	6	-0.061967
ENSG00000137948	20	0.18138	0.63083	1.0	273	6	-0.011719	0.13057	0.12022	0.303016	239	8	-0.011719
ENSG00000198604	20	0.18289	0.63084	1.0	274	5	0.012255	0.054098	0.042876	0.193232	130	6	0.012255
ENSG00000154832	20	0.18322	0.63084	1.0	275	4	0.10718	0.18567	0.16912	0.349024	298	7	0.10718
ENSG00000153147	20	0.18422	0.63084	1.0	276	5	0.0046906	0.20803	0.1989	0.382288	314	7	0.0046906
ENSG00000163939	20	0.18641	0.63259	1.0	277	7	0.069708	0.30196	0.29911	0.472795	388	6	0.069708
ENSG00000149480	20	0.19217	0.64783	1.0	278	6	-0.063244	0.73825	0.77684	0.863941	552	4	-0.063244
ENSG00000126457	20	0.19382	0.65634	1.0	279	6	-0.031642	0.18117	0.15634	0.325951	292	5	-0.031642
ENSG00000156650	20	0.19702	0.67443	1.0	280	7	-0.089218	0.64576	0.68623	0.810045	521	5	-0.089218
ENSG00000155666	20	0.19879	0.67443	1.0	281	6	0.064433	0.14031	0.13165	0.30839	253	8	0.064433
ENSG00000171316	20	0.20095	0.67444	1.0	282	7	0.032442	0.72636	0.77381	0.863941	548	4	0.032442
ENSG00000164754	20	0.20197	0.67444	1.0	283	6	0.041497	0.11804	0.10292	0.287708	220	8	0.041497
ENSG00000151503	20	0.20317	0.67744	1.0	284	7	-0.022129	0.44441	0.46705	0.641149	447	4	-0.022129
ENSG00000225830	20	0.20339	0.67744	1.0	285	8	-0.17527	0.65684	0.70244	0.824145	522	3	-0.17527
ENSG00000185658	20	0.20395	0.67744	1.0	286	5	-0.01238	0.3825	0.41208	0.592126	428	6	-0.01238
ENSG00000129993	20	0.20446	0.67744	1.0	287	6	0.011745	0.069539	0.052028	0.203841	156	6	0.011745
ENSG00000141646	20	0.20643	0.67744	1.0	288	8	-0.15633	0.82182	0.83975	0.902881	570	3	-0.15633
ENSG00000119953	20	0.20654	0.67744	1.0	289	6	0.098683	0.13129	0.12022	0.303016	241	7	0.098683
ENSG00000144369	20	0.20714	0.67745	1.0	290	8	-0.16337	0.45251	0.48202	0.65876	449	6	-0.16337
ENSG00000115524	20	0.20738	0.67745	1.0	291	5	0.087337	0.023077	0.014907	0.117613	77	9	0.087337
ENSG00000163517	20	0.20741	0.67745	1.0	292	7	-0.011352	0.064628	0.04713	0.193232	148	7	-0.011352
ENSG00000152465	20	0.20879	0.67745	1.0	293	8	-0.14776	0.30287	0.29911	0.472795	390	5	-0.14776
ENSG00000120733	20	0.20913	0.67745	1.0	294	3	0.23509	0.016288	0.010634	0.103901	62	10	0.23509
ENSG00000167978	20	0.21151	0.68084	1.0	295	6	-0.0019818	0.015988	0.010534	0.103901	61	7	-0.0019818
ENSG00000158636	20	0.21215	0.68084	1.0	296	7	0.018626	0.20321	0.19745	0.382288	312	5	0.018626
ENSG00000135144	20	0.213	0.68084	1.0	297	6	-0.1325	0.97941	0.9742	0.980575	610	2	-0.1325
ENSG00000132003	20	0.21346	0.68085	1.0	298	7	-0.024261	0.21786	0.20481	0.388767	324	8	-0.024261
ENSG00000198160	20	0.21812	0.69309	1.0	299	5	0.11345	0.26855	0.25421	0.416902	371	7	0.11345
ENSG00000136770	20	0.22036	0.6931	1.0	300	4	-0.011397	0.21319	0.19891	0.382288	318	5	-0.011397
ENSG00000163655	20	0.22084	0.6931	1.0	301	6	0.24549	0.011846	0.0078574	0.094751	50	10	0.24549
ENSG00000172977	20	0.22293	0.69519	1.0	302	7	0.067426	0.0087081	0.0046054	0.065868	43	9	0.067426
ENSG00000117625	20	0.22449	0.69749	1.0	303	5	0.048333	0.075262	0.06222	0.229133	165	8	0.048333
ENSG00000148584	20	0.22536	0.69749	1.0	304	7	-0.12535	0.66421	0.70889	0.824145	526	4	-0.12535
ENSG00000181449	20	0.22592	0.70119	1.0	305	6	-0.079838	0.20106	0.19744	0.382288	311	8	-0.079838
ENSG00000139687	20	0.22828	0.7012	1.0	306	5	-0.052149	0.51025	0.52625	0.677078	477	6	-0.052149
ENSG00000143033	20	0.2297	0.70549	1.0	307	7	0.12224	0.044454	0.039109	0.193232	112	10	0.12224
ENSG00000162367	20	0.23035	0.70745	1.0	308	5	-0.0070498	0.15315	0.13539	0.30839	264	5	-0.0070498
ENSG00000173889	20	0.23079	0.70745	1.0	309	4	-0.051543	0.10665	0.087165	0.25527	211	3	-0.051543
ENSG00000185917	19	0.23495	0.68343	1.0	310	6	-0.014612	0.76456	0.79364	0.873848	561	4	-0.014612
ENSG00000120616	20	0.23517	0.71077	1.0	311	3	0.14349	0.1603	0.13539	0.30839	272	8	0.14349
ENSG00000137265	19	0.23662	0.68591	1.0	312	5	0.11923	0.18493	0.1767	0.361022	297	8	0.11923
ENSG00000119403	20	0.24162	0.71518	1.0	313	7	-0.037502	0.64029	0.68317	0.809948	518	3	-0.037502
ENSG00000164105	20	0.24205	0.71518	1.0	314	5	0.04259	0.069433	0.052028	0.203841	155	8	0.04259
ENSG00000170142	20	0.2465	0.71707	1.0	315	6	0.046968	0.35563	0.35508	0.527476	412	7	0.046968
ENSG00000173193	20	0.24713	0.71708	1.0	316	6	0.059787	0.30993	0.30729	0.478458	394	7	0.059787
ENSG00000171813	20	0.24823	0.71935	1.0	317	6	-0.10439	0.97541	0.97171	0.980575	609	2	-0.10439
ENSG00000143321	20	0.24887	0.72352	1.0	318	7	-0.025818	0.33961	0.33963	0.510712	407	5	-0.025818
ENSG00000147099	20	0.2497	0.72352	1.0	319	7	-0.082027	0.91115	0.92831	0.957916	593	3	-0.082027
ENSG00000196363	20	0.24999	0.72353	1.0	320	6	0.20468	0.009535	0.0054581	0.073104	45	9	0.20468
ENSG00000204775	19	0.25306	0.70838	1.0	321	6	-0.055318	0.38674	0.42193	0.602845	430	6	-0.055318
ENSG00000175097	18	0.25337	0.7091	1.0	322	3	0.069742	0.049871	0.037384	0.193232	120	7	0.069742
ENSG00000135632	20	0.25465	0.72618	1.0	323	6	0.042032	0.18189	0.15634	0.325951	294	7	0.042032
ENSG00000160953	20	0.25503	0.72618	1.0	324	7	-0.014511	0.2007	0.19744	0.382288	310	7	-0.014511
ENSG00000164032	20	0.25558	0.72618	1.0	325	5	0.022447	0.33661	0.33825	0.510712	406	7	0.022447
ENSG00000156256	20	0.2568	0.72619	1.0	326	4	0.037787	0.12886	0.12021	0.303016	233	6	0.037787
ENSG00000165702	20	0.25686	0.72619	1.0	327	5	-0.015059	0.73063	0.77382	0.863941	550	3	-0.015059
ENSG00000196284	15	0.25824	0.69959	1.0	328	5	-0.06449	0.14351	0.13721	0.311369	256	5	-0.06449
ENSG00000136146	20	0.25868	0.72619	1.0	329	6	-0.10354	0.6034	0.64295	0.7723	510	6	-0.10354
ENSG00000153922	20	0.26231	0.72879	1.0	330	7	-0.0048838	0.70794	0.75109	0.847555	541	5	-0.0048838
ENSG00000170364	20	0.26326	0.72879	1.0	331	7	-0.045753	0.68864	0.74495	0.847555	537	5	-0.045753
ENSG00000204463	20	0.26397	0.7288	1.0	332	7	-0.025498	0.48043	0.5081	0.66345	462	5	-0.025498
ENSG00000137947	20	0.26407	0.7288	1.0	333	4	0.185	0.0072389	0.0038023	0.060116	38	8	0.185
ENSG00000172530	20	0.26527	0.7288	1.0	334	5	-0.030746	0.26953	0.25421	0.416902	373	7	-0.030746
ENSG00000122257	20	0.26543	0.7288	1.0	335	6	-0.062195	0.1294	0.12021	0.303016	238	7	-0.062195
ENSG00000161939	18	0.26549	0.71231	1.0	336	6	0.077483	0.0079602	0.005121	0.071577	40	8	0.077483
ENSG00000118900	20	0.26599	0.7288	1.0	337	5	0.034094	0.12691	0.12021	0.303016	230	7	0.034094
ENSG00000121057	19	0.26608	0.71804	1.0	338	7	-0.036562	0.68584	0.72898	0.839551	535	3	-0.036562
ENSG00000167670	18	0.26643	0.71231	1.0	339	4	-0.094263	0.22094	0.20593	0.38969	327	7	-0.094263
ENSG00000159339	20	0.26766	0.73075	1.0	340	6	0.010033	0.43209	0.46331	0.641149	443	6	0.010033
ENSG00000163104	20	0.26768	0.73075	1.0	341	6	-0.065702	0.60869	0.64296	0.7723	512	5	-0.065702
ENSG00000170965	20	0.2699	0.73076	1.0	342	6	0.061374	0.051731	0.042876	0.193232	124	9	0.061374
ENSG00000142623	20	0.27009	0.73076	1.0	343	7	-0.14152	0.038814	0.027112	0.166738	101	6	-0.14152
ENSG00000164663	20	0.27025	0.73076	1.0	344	6	-0.088089	0.2948	0.27796	0.442871	386	5	-0.088089
ENSG00000132780	20	0.27102	0.73076	1.0	345	6	0.070883	0.48856	0.50811	0.66345	471	6	0.070883
ENSG00000124177	20	0.27208	0.73076	1.0	346	4	-0.020384	0.611	0.66379	0.794219	513	4	-0.020384
ENSG00000173757	20	0.27291	0.7367	1.0	347	7	0.013694	0.48469	0.50811	0.66345	465	6	0.013694
ENSG00000136169	19	0.27366	0.71805	1.0	348	5	0.031185	0.64358	0.68352	0.809948	520	5	0.031185
ENSG00000182568	20	0.27485	0.73671	1.0	349	4	-0.034206	0.23925	0.23111	0.410801	342	6	-0.034206
ENSG00000124151	20	0.27841	0.74325	1.0	350	5	0.035679	0.73915	0.77684	0.863941	553	4	0.035679
ENSG00000178028	20	0.2791	0.74325	1.0	351	7	0.20144	0.0047443	0.0029496	0.056938	28	10	0.20144
ENSG00000196235	20	0.2843	0.74326	1.0	352	2	-0.005399	0.0019205	0.00086754	0.035569	15	7	-0.005399
ENSG00000140395	20	0.28558	0.74326	1.0	353	6	0.20104	0.013863	0.009771	0.103606	56	10	0.20104
ENSG00000119684	20	0.28665	0.74451	1.0	354	4	0.093445	0.11043	0.092747	0.267792	213	9	0.093445
ENSG00000128710	20	0.28765	0.74451	1.0	355	6	-0.006912	0.0357	0.025476	0.164923	96	5	-0.006912
ENSG00000147162	20	0.28792	0.74451	1.0	356	7	0.15961	0.10025	0.083656	0.253439	201	8	0.15961
ENSG00000169057	20	0.28848	0.74452	1.0	357	7	-0.084796	0.36947	0.39512	0.57719	420	6	-0.084796
ENSG00000205835	19	0.28913	0.74274	1.0	358	6	-0.012008	0.36053	0.39016	0.576798	416	5	-0.012008
ENSG00000132341	19	0.28932	0.74275	1.0	359	5	0.41284	0.00083017	0.00033214	0.019124	10	12	0.41284
ENSG00000175792	20	0.28992	0.74626	1.0	360	7	0.082069	0.52022	0.5452	0.694194	482	5	0.082069
ENSG00000178279	20	0.29016	0.74626	1.0	361	5	0.011934	0.76165	0.79711	0.873848	559	5	0.011934
ENSG00000182095	20	0.29248	0.75213	1.0	362	4	0.004274	0.23259	0.22859	0.410801	337	7	0.004274
ENSG00000155858	20	0.29298	0.75213	1.0	363	6	-0.05878	0.7645	0.79712	0.873848	560	4	-0.05878
ENSG00000121988	20	0.29364	0.75395	1.0	364	3	-0.022328	0.60329	0.64295	0.7723	509	4	-0.022328
ENSG00000198157	20	0.29587	0.75718	1.0	365	4	0.0299	0.1517	0.13538	0.30839	260	4	0.0299
ENSG00000177426	20	0.29712	0.7682	1.0	366	5	0.0098378	0.14147	0.13165	0.30839	255	7	0.0098378
ENSG00000141380	20	0.29827	0.7682	1.0	367	4	0.06492	0.45744	0.49779	0.66345	454	6	0.06492
ENSG00000157212	20	0.29943	0.7682	1.0	368	7	-0.046215	0.31034	0.3073	0.478458	395	6	-0.046215
ENSG00000142619	20	0.30059	0.7682	1.0	369	7	-0.062016	0.84078	0.86225	0.918648	577	4	-0.062016
ENSG00000140382	20	0.30151	0.7682	1.0	370	6	-0.071329	0.55718	0.57872	0.723398	492	5	-0.071329
ENSG00000129245	20	0.30501	0.76821	1.0	371	5	-0.052519	0.17217	0.14821	0.319649	283	4	-0.052519
ENSG00000151332	20	0.30583	0.76821	1.0	372	7	-0.1284	0.59977	0.63968	0.7723	508	3	-0.1284
ENSG00000119048	20	0.30601	0.76821	1.0	373	6	-0.018703	0.4824	0.5081	0.66345	463	6	-0.018703
ENSG00000169247	20	0.30722	0.76821	1.0	374	5	-0.089227	0.53404	0.57208	0.720955	485	4	-0.089227
ENSG00000147133	20	0.30744	0.76821	1.0	375	3	0.23173	0.0061998	0.0033859	0.056938	36	10	0.23173
ENSG00000136518	20	0.31002	0.7701	1.0	376	6	0.2067	0.03957	0.028341	0.170881	103	10	0.2067
ENSG00000166439	20	0.31089	0.7701	1.0	377	6	0.077146	0.0024185	0.0011947	0.04082	18	9	0.077146
ENSG00000135100	20	0.31311	0.77269	1.0	378	3	0.020053	0.076085	0.06222	0.229133	167	8	0.020053
ENSG00000169989	20	0.31928	0.7776	1.0	379	6	-0.047259	0.053304	0.042876	0.193232	128	7	-0.047259
ENSG00000145734	20	0.31945	0.7776	1.0	380	7	-0.07749	0.47734	0.50098	0.66345	461	5	-0.07749
ENSG00000115289	20	0.31986	0.7776	1.0	381	4	0.00013109	0.37083	0.40097	0.582966	422	6	0.00013109
ENSG00000135899	19	0.32094	0.78599	1.0	382	5	0.043413	0.67192	0.72376	0.836678	530	4	0.043413
ENSG00000185238	20	0.32238	0.77761	1.0	383	4	0.30606	0.0022261	0.0010658	0.038917	16	12	0.30606
ENSG00000189079	20	0.32527	0.78018	1.0	384	7	-0.13051	0.21156	0.19891	0.382288	317	6	-0.13051
ENSG00000141570	20	0.32687	0.78019	1.0	385	6	-0.076467	0.37703	0.40972	0.590128	425	4	-0.076467
ENSG00000173531	20	0.32795	0.78546	1.0	386	7	-0.097652	0.19432	0.18649	0.374811	305	7	-0.097652
ENSG00000166803	20	0.33123	0.78547	1.0	387	7	-0.036958	0.59555	0.63967	0.7723	506	5	-0.036958
ENSG00000134014	20	0.33153	0.78547	1.0	388	7	-0.11352	0.90128	0.91959	0.957916	590	2	-0.11352
ENSG00000143499	20	0.33206	0.78547	1.0	389	6	-0.030594	0.25987	0.2542	0.416902	367	5	-0.030594
ENSG00000116254	20	0.33316	0.78547	1.0	390	4	0.18225	0.055074	0.044562	0.193232	132	10	0.18225
ENSG00000187605	20	0.33713	0.79146	1.0	391	6	-0.078501	0.062347	0.04712	0.193232	144	4	-0.078501
ENSG00000185787	20	0.33761	0.79146	1.0	392	5	-0.06855	0.45783	0.49779	0.66345	455	4	-0.06855
ENSG00000196199	20	0.3384	0.79146	1.0	393	4	0.30766	0.0039334	0.0024043	0.056938	24	11	0.30766
ENSG00000168036	20	0.34132	0.79444	1.0	394	5	-0.037593	0.7681	0.80495	0.880864	562	5	-0.037593
ENSG00000175121	20	0.34221	0.79597	1.0	395	5	0.085624	0.36719	0.39512	0.57719	418	6	0.085624
ENSG00000116731	20	0.34283	0.7995	1.0	396	5	-0.086596	0.83853	0.86224	0.918648	576	3	-0.086596
ENSG00000131944	20	0.34353	0.79951	1.0	397	7	0.003256	0.017013	0.011447	0.108302	65	6	0.003256
ENSG00000171634	20	0.34473	0.80355	1.0	398	7	0.054881	0.11953	0.10591	0.290791	223	9	0.054881
ENSG00000161888	20	0.34926	0.8099	1.0	399	6	0.034888	0.027883	0.018179	0.130069	84	7	0.034888
ENSG00000156931	20	0.35188	0.82371	1.0	400	5	0.1588	0.071295	0.053049	0.206487	159	9	0.1588
ENSG00000197921	20	0.35554	0.82528	1.0	401	6	-0.026733	0.65928	0.70889	0.824145	524	4	-0.026733
ENSG00000177565	20	0.35585	0.82529	1.0	402	3	0.27422	2.177e-05	4.9574e-06	0.000762	4	10	0.27422
ENSG00000163159	20	0.35837	0.82744	1.0	403	7	-0.15374	0.060346	0.04712	0.193232	143	4	-0.15374
ENSG00000182196	20	0.35887	0.82744	1.0	404	5	0.12007	0.19986	0.19744	0.382288	308	7	0.12007
ENSG00000116580	19	0.3601	0.81146	1.0	405	4	0.085435	0.034295	0.028778	0.171827	93	7	0.085435
ENSG00000165288	20	0.366	0.83163	1.0	406	7	-0.071676	0.32507	0.33423	0.510712	401	5	-0.071676
ENSG00000141867	20	0.36814	0.83308	1.0	407	7	-0.052945	0.43248	0.46331	0.641149	444	6	-0.052945
ENSG00000120656	20	0.36845	0.83308	1.0	408	6	0.1617	0.042755	0.033824	0.192892	108	6	0.1617
ENSG00000169083	20	0.37337	0.83309	1.0	409	6	0.13183	0.25215	0.2542	0.416902	358	7	0.13183
ENSG00000172273	20	0.37368	0.83309	1.0	410	4	0.10691	0.00085694	0.00034206	0.019124	11	9	0.10691
ENSG00000166337	20	0.37575	0.83309	1.0	411	5	-0.021183	0.0039133	0.0023944	0.056938	23	8	-0.021183
ENSG00000213024	20	0.37679	0.83537	1.0	412	3	0.035134	0.19235	0.1796	0.363336	304	8	0.035134
ENSG00000132604	19	0.37771	0.83598	1.0	413	6	-0.14565	0.013817	0.0087894	0.100102	54	6	-0.14565
ENSG00000145391	20	0.37781	0.83538	1.0	414	5	-0.033561	0.18281	0.15635	0.325951	295	6	-0.033561
ENSG00000125482	20	0.37891	0.8369	1.0	415	6	-0.036268	0.11075	0.092747	0.267792	214	5	-0.036268
ENSG00000147274	19	0.37891	0.83598	1.0	416	6	-0.087031	0.53433	0.56412	0.715332	486	3	-0.087031
ENSG00000235268	20	0.38089	0.8369	1.0	417	5	0.12378	0.17921	0.15073	0.319649	288	8	0.12378
ENSG00000165684	20	0.38096	0.8369	1.0	418	4	0.018433	0.18023	0.15073	0.319649	289	7	0.018433
ENSG00000143815	20	0.38136	0.8369	1.0	419	5	0.13602	0.043985	0.039099	0.193232	111	10	0.13602
ENSG00000249961	20	0.38214	0.83691	1.0	420	5	-0.022156	0.11885	0.1059	0.290791	221	4	-0.022156
ENSG00000181163	20	0.38293	0.83691	1.0	421	3	0.039141	0.21906	0.21153	0.397824	326	5	0.039141
ENSG00000129315	20	0.38395	0.83691	1.0	422	6	0.012906	0.5677	0.59327	0.73561	496	6	0.012906
ENSG00000136715	20	0.38419	0.83691	1.0	423	5	-0.080105	0.72348	0.77174	0.863941	546	5	-0.080105
ENSG00000164850	20	0.38641	0.84514	1.0	424	6	-0.069955	0.96149	0.956	0.975028	604	3	-0.069955
ENSG00000185513	20	0.39004	0.84879	1.0	425	3	0.18081	0.015859	0.010534	0.103901	60	10	0.18081
ENSG00000123562	19	0.39127	0.84765	1.0	426	4	0.034274	0.35684	0.38705	0.573575	413	6	0.034274
ENSG00000171320	20	0.39199	0.85154	1.0	427	6	0.11613	0.20917	0.1989	0.382288	315	7	0.11613
ENSG00000133800	20	0.39593	0.85358	1.0	428	5	0.054555	0.083476	0.071718	0.242086	175	9	0.054555
ENSG00000157933	20	0.39981	0.86105	1.0	429	6	-0.026966	0.62239	0.67458	0.80401	516	4	-0.026966
ENSG00000123485	20	0.40005	0.86105	1.0	430	5	0.26974	0.025995	0.016453	0.12478	80	10	0.26974
ENSG00000132600	20	0.40376	0.86106	1.0	431	5	0.12031	0.034926	0.024484	0.160191	95	7	0.12031
ENSG00000167491	20	0.40531	0.86331	1.0	432	3	0.096647	0.25868	0.2542	0.416902	365	7	0.096647
ENSG00000186487	20	0.40891	0.86332	1.0	433	6	0.13485	0.098078	0.083646	0.253439	198	8	0.13485
ENSG00000166848	20	0.40991	0.86332	1.0	434	5	0.0042724	0.16131	0.14051	0.316548	273	6	0.0042724
ENSG00000243667	19	0.41271	0.85902	1.0	435	5	0.084927	0.04639	0.035916	0.193232	114	7	0.084927
ENSG00000186871	20	0.41616	0.87196	1.0	436	5	-0.026274	0.56089	0.58593	0.727969	494	5	-0.026274
ENSG00000119772	20	0.41811	0.87197	1.0	437	4	0.1723	0.016532	0.010643	0.103901	63	11	0.1723
ENSG00000141582	20	0.41848	0.87197	1.0	438	6	0.13595	0.057936	0.045167	0.193232	139	9	0.13595
ENSG00000138496	18	0.42092	0.86005	1.0	439	5	0.043626	0.093222	0.080622	0.253439	190	6	0.043626
ENSG00000181555	20	0.42311	0.87567	1.0	440	5	0.037017	0.068161	0.04947	0.197557	153	7	0.037017
ENSG00000139618	20	0.42536	0.87974	1.0	441	6	-0.010767	0.013632	0.009771	0.103606	53	4	-0.010767
ENSG00000156983	20	0.42573	0.87974	1.0	442	6	-0.061755	0.58718	0.63202	0.7723	502	6	-0.061755
ENSG00000197771	20	0.42786	0.87974	1.0	443	6	0.078573	0.039336	0.028331	0.170881	102	5	0.078573
ENSG00000183207	20	0.43011	0.87975	1.0	444	4	-0.00056909	0.03427	0.023959	0.158504	92	6	-0.00056909
ENSG00000137693	20	0.43105	0.87975	1.0	445	6	0.073932	0.13127	0.12022	0.303016	240	8	0.073932
ENSG00000129484	20	0.4314	0.87975	1.0	446	5	-0.0051602	0.0088927	0.0046054	0.065868	44	7	-0.0051602
ENSG00000198646	20	0.43209	0.87975	1.0	447	6	0.026197	0.34092	0.33964	0.510712	409	6	0.026197
ENSG00000166669	20	0.43231	0.87975	1.0	448	4	0.019616	0.59404	0.63967	0.7723	504	5	0.019616
ENSG00000140990	20	0.43575	0.8823	1.0	449	4	0.099569	0.11967	0.10591	0.290791	224	8	0.099569
ENSG00000129810	19	0.43621	0.86715	1.0	450	6	0.069591	0.10414	0.095137	0.270876	208	8	0.069591
ENSG00000153046	20	0.43802	0.88231	1.0	451	6	-0.10479	0.61157	0.66379	0.794219	514	6	-0.10479
ENSG00000170820	20	0.43913	0.88231	1.0	452	4	-0.049948	0.69545	0.75108	0.847555	540	4	-0.049948
ENSG00000131747	20	0.44043	0.88383	1.0	453	6	0.097567	0.35816	0.35508	0.527476	415	7	0.097567
ENSG00000172845	20	0.44136	0.88383	1.0	454	5	0.17541	0.057685	0.045167	0.193232	138	10	0.17541
ENSG00000167311	20	0.44486	0.88384	1.0	455	5	-0.082271	0.55531	0.57872	0.723398	491	6	-0.082271
ENSG00000170748	20	0.44712	0.88773	1.0	456	3	0.1373	0.021568	0.01457	0.117613	75	7	0.1373
ENSG00000148411	20	0.44757	0.88773	1.0	457	6	0.055081	0.018401	0.011734	0.10934	66	7	0.055081
ENSG00000165156	20	0.45221	0.88774	1.0	458	6	-0.010763	0.21335	0.19891	0.382288	319	5	-0.010763
ENSG00000151702	20	0.4533	0.88927	1.0	459	3	0.017152	0.89099	0.91637	0.957916	587	3	0.017152
ENSG00000154655	20	0.45558	0.88927	1.0	460	5	0.040218	0.7756	0.81533	0.887905	563	5	0.040218
ENSG00000121903	20	0.45651	0.88927	1.0	461	6	-0.024735	0.58645	0.63202	0.7723	501	2	-0.024735
ENSG00000149948	20	0.46534	0.88928	1.0	462	6	-0.063913	0.15555	0.13539	0.30839	265	7	-0.063913
ENSG00000137203	20	0.46565	0.88928	1.0	463	5	-0.026916	0.82296	0.83975	0.902881	572	4	-0.026916
ENSG00000163012	19	0.4679	0.8907	1.0	464	5	0.066618	0.24708	0.23642	0.416902	351	6	0.066618
ENSG00000141510	20	0.46898	0.89101	1.0	465	5	-0.10099	0.27216	0.25421	0.416902	375	5	-0.10099
ENSG00000121481	20	0.4712	0.89102	1.0	466	5	0.10518	0.015224	0.010168	0.103901	59	8	0.10518
ENSG00000136997	20	0.47562	0.89259	1.0	467	4	-0.013356	0.37109	0.40097	0.582966	423	6	-0.013356
ENSG00000116017	20	0.47605	0.89259	1.0	468	5	-0.020498	0.92954	0.9315	0.957995	597	3	-0.020498
ENSG00000198879	20	0.48054	0.8926	1.0	469	5	0.050033	0.057669	0.045167	0.193232	137	6	0.050033
ENSG00000132972	20	0.48549	0.89744	1.0	470	3	0.065202	0.012037	0.0078574	0.094751	51	6	0.065202
ENSG00000129474	20	0.48764	0.89942	1.0	471	6	-0.016632	0.22865	0.22126	0.406198	333	7	-0.016632
ENSG00000152804	20	0.49256	0.90343	1.0	472	5	0.08637	0.22992	0.22126	0.406198	334	8	0.08637
ENSG00000205143	20	0.49294	0.90855	1.0	473	6	0.10476	0.02074	0.014104	0.117613	71	9	0.10476
ENSG00000152217	19	0.49764	0.91618	1.0	474	4	0.04394	0.21392	0.21017	0.396482	321	7	0.04394
ENSG00000170608	20	0.49866	0.90969	1.0	475	5	-0.054325	0.432	0.46331	0.641149	442	4	-0.054325
ENSG00000171988	20	0.50065	0.91041	1.0	476	2	0.065578	0.16267	0.14243	0.318525	275	5	0.065578
ENSG00000162396	20	0.50154	0.91042	1.0	477	4	0.086294	0.045172	0.039476	0.193232	113	7	0.086294
ENSG00000138092	20	0.50288	0.9123	1.0	478	2	0.14371	0.19194	0.1796	0.363336	302	7	0.14371
ENSG00000142611	19	0.50368	0.91788	1.0	479	3	0.037007	0.0038268	0.0021961	0.056938	22	6	0.037007
ENSG00000131759	20	0.50889	0.9163	1.0	480	5	0.024737	0.17439	0.15072	0.319649	284	6	0.024737
ENSG00000186350	20	0.50948	0.9163	1.0	481	5	-0.047992	0.66665	0.7089	0.824145	528	4	-0.047992
ENSG00000167548	20	0.51438	0.91744	1.0	482	6	0.08086	0.095166	0.083646	0.253439	194	6	0.08086
ENSG00000185697	20	0.5182	0.91986	1.0	483	6	-0.10906	0.44136	0.46705	0.641149	446	4	-0.10906
ENSG00000116478	20	0.51982	0.91986	1.0	484	6	-0.047843	0.71194	0.75109	0.847555	543	5	-0.047843
ENSG00000117724	20	0.52135	0.91986	1.0	485	5	0.02784	0.24107	0.23112	0.410801	346	8	0.02784
ENSG00000163840	20	0.52722	0.91987	1.0	486	5	-0.079231	0.15994	0.13539	0.30839	270	4	-0.079231
ENSG00000171720	20	0.5288	0.92159	1.0	487	4	0.056475	0.038693	0.027112	0.166738	100	7	0.056475
ENSG00000163666	20	0.53274	0.92588	1.0	488	6	-0.00051244	0.35692	0.35508	0.527476	414	5	-0.00051244
ENSG00000162521	20	0.53508	0.92772	1.0	489	2	0.15167	0.0018457	0.00076839	0.035497	14	9	0.15167
ENSG00000170322	20	0.53637	0.92773	1.0	490	4	-0.019147	0.081884	0.07031	0.242086	173	6	-0.019147
ENSG00000183576	20	0.53878	0.93127	1.0	491	6	-0.047148	0.12223	0.11635	0.303016	227	5	-0.047148
ENSG00000164306	18	0.53935	0.90981	1.0	492	4	0.088875	0.084498	0.073106	0.24435	178	7	0.088875
ENSG00000137309	20	0.54181	0.93383	1.0	493	4	0.186	0.021541	0.01457	0.117613	74	9	0.186
ENSG00000175279	20	0.54221	0.93644	1.0	494	6	-0.09353	0.45298	0.48202	0.65876	450	6	-0.09353
ENSG00000115844	20	0.54293	0.93644	1.0	495	6	-0.065687	0.46767	0.4978	0.66345	458	5	-0.065687
ENSG00000136319	20	0.54785	0.93645	1.0	496	4	0.072479	0.070753	0.052037	0.203841	158	5	0.072479
ENSG00000183495	20	0.55024	0.93645	1.0	497	6	-0.11433	0.28934	0.27796	0.442871	383	5	-0.11433
ENSG00000147596	20	0.55075	0.93645	1.0	498	4	0.064014	0.064897	0.04713	0.193232	150	6	0.064014
ENSG00000171016	20	0.55344	0.93645	1.0	499	2	0.18603	0.046392	0.039813	0.193232	115	9	0.18603
ENSG00000172238	20	0.55539	0.9375	1.0	500	5	0.23614	0.027363	0.01684	0.12478	83	10	0.23614
ENSG00000165124	20	0.55941	0.93937	1.0	501	3	0.049937	0.064086	0.04713	0.193232	147	7	0.049937
ENSG00000153044	20	0.56163	0.93938	1.0	502	2	0.24771	0.0096689	0.005468	0.073104	46	10	0.24771
ENSG00000158161	20	0.56268	0.93938	1.0	503	5	-0.028795	0.91219	0.92831	0.957916	594	3	-0.028795
ENSG00000185811	19	0.56493	0.92686	1.0	504	3	0.0094618	0.83565	0.85327	0.913685	575	4	0.0094618
ENSG00000122180	20	0.57183	0.93988	1.0	505	5	0.036471	0.39671	0.43204	0.612236	433	5	0.036471
ENSG00000169375	20	0.57323	0.93988	1.0	506	4	0.01534	0.13944	0.13165	0.30839	252	7	0.01534
ENSG00000177889	20	0.57471	0.94049	1.0	507	3	0.13254	0.032576	0.021183	0.143159	91	6	0.13254
ENSG00000115966	20	0.57596	0.94049	1.0	508	4	0.0204	0.2443	0.23698	0.416902	348	7	0.0204
ENSG00000149136	20	0.58213	0.9405	1.0	509	4	0.16017	0.11778	0.10291	0.287708	219	8	0.16017
ENSG00000126778	20	0.58603	0.94325	1.0	510	5	0.090498	0.24717	0.2453	0.416902	352	8	0.090498
ENSG00000134371	20	0.58673	0.94325	1.0	511	3	0.39155	0.0037232	0.0023547	0.056938	21	11	0.39155
ENSG00000143224	20	0.59262	0.94405	1.0	512	3	0.041696	0.043073	0.035351	0.193232	109	9	0.041696
ENSG00000168283	20	0.59639	0.94406	1.0	513	3	-0.030883	0.56879	0.61222	0.756067	497	6	-0.030883
ENSG00000181222	20	0.60045	0.94519	1.0	514	4	0.39566	0.00045765	0.00017351	0.015244	7	13	0.39566
ENSG00000163535	20	0.6027	0.94519	1.0	515	5	-0.074413	0.87665	0.89789	0.943939	585	4	-0.074413
ENSG00000125484	20	0.60684	0.9452	1.0	516	5	0.12801	0.18052	0.15073	0.319649	290	8	0.12801
ENSG00000138081	6	0.61264	0.83303	1.0	517	1	0.15122	0.54601	0.53246	0.682209	489	2	0.15122
ENSG00000175029	20	0.61308	0.94723	1.0	518	4	0.081159	0.13566	0.13001	0.30839	246	8	0.081159
ENSG00000159055	18	0.61594	0.93803	1.0	519	1	0.36235	0.0013914	0.00080805	0.035497	13	11	0.36235
ENSG00000117222	20	0.61664	0.94859	1.0	520	5	0.24825	0.081775	0.0703	0.242086	172	9	0.24825
ENSG00000272333	20	0.61806	0.9486	1.0	521	3	0.082669	0.20004	0.19744	0.382288	309	7	0.082669
ENSG00000152284	20	0.6201	0.9486	1.0	522	5	0.22151	0.0052824	0.0032272	0.056938	31	11	0.22151
ENSG00000183814	20	0.62151	0.94934	1.0	523	4	-0.022749	0.53637	0.57208	0.720955	487	4	-0.022749
ENSG00000126856	20	0.62534	0.95005	1.0	524	4	-0.089605	0.42167	0.46052	0.641149	439	7	-0.089605
ENSG00000151615	19	0.63965	0.94807	1.0	525	5	0.068892	0.020654	0.014213	0.117613	70	8	0.068892
ENSG00000142599	20	0.63965	0.95307	1.0	526	5	0.018921	0.041664	0.030205	0.175247	105	6	0.018921
ENSG00000154727	20	0.63978	0.95307	1.0	527	4	0.059912	0.15636	0.13539	0.30839	267	8	0.059912
ENSG00000124733	20	0.64332	0.95407	1.0	528	5	-0.073058	0.088607	0.072035	0.242086	183	5	-0.073058
ENSG00000167085	20	0.65675	0.95638	1.0	529	4	0.033936	0.32209	0.31725	0.487767	399	7	0.033936
ENSG00000116830	20	0.6572	0.95638	1.0	530	5	-0.037334	0.49364	0.51765	0.670237	473	5	-0.037334
ENSG00000213246	20	0.65819	0.95639	1.0	531	4	-0.058822	0.2673	0.25421	0.416902	370	7	-0.058822
ENSG00000198728	20	0.65869	0.95639	1.0	532	5	-0.036016	0.75531	0.79047	0.873848	556	5	-0.036016
ENSG00000139351	19	0.66101	0.95383	1.0	533	3	-0.058607	0.49865	0.52219	0.674684	474	4	-0.058607
ENSG00000204406	20	0.66456	0.95761	1.0	534	4	-0.10068	0.46406	0.49779	0.66345	457	6	-0.10068
ENSG00000185420	20	0.66639	0.9583	1.0	535	5	0.11583	0.17094	0.14821	0.319649	282	8	0.11583
ENSG00000130177	20	0.66843	0.9591	1.0	536	4	0.022075	0.0074426	0.0038122	0.060116	39	7	0.022075
ENSG00000185515	20	0.67283	0.95911	1.0	537	5	0.064174	0.25618	0.2542	0.416902	363	8	0.064174
ENSG00000187569	20	0.67629	0.95991	1.0	538	5	0.051094	0.16787	0.1482	0.319649	278	8	0.051094
ENSG00000132153	20	0.67872	0.9614	1.0	539	4	0.20263	0.020609	0.014094	0.117613	69	10	0.20263
ENSG00000101182	20	0.6818	0.9614	1.0	540	5	0.17128	0.084393	0.071718	0.242086	177	8	0.17128
ENSG00000155827	20	0.68807	0.96141	1.0	541	5	-0.070685	0.1285	0.12021	0.303016	231	7	-0.070685
ENSG00000127337	20	0.69116	0.96141	1.0	542	3	-0.026678	0.22238	0.21327	0.399883	328	7	-0.026678
ENSG00000156502	20	0.69215	0.96331	1.0	543	4	0.074735	0.3755	0.40817	0.590128	424	7	0.074735
ENSG00000130816	20	0.69358	0.96331	1.0	544	4	0.01548	0.28506	0.27795	0.442871	381	7	0.01548
ENSG00000188976	20	0.70238	0.96835	1.0	545	4	0.11229	0.085389	0.071718	0.242086	179	8	0.11229
ENSG00000124092	20	0.70539	0.96948	1.0	546	5	-0.032532	0.66339	0.70889	0.824145	525	5	-0.032532
ENSG00000169925	20	0.71058	0.97024	1.0	547	5	0.0035981	0.37057	0.39512	0.57719	421	3	0.0035981
ENSG00000184205	20	0.71519	0.97025	1.0	548	4	0.12865	0.11675	0.10072	0.284138	218	8	0.12865
ENSG00000158019	20	0.72262	0.972	1.0	549	2	0.049647	0.091283	0.076527	0.253439	187	8	0.049647
ENSG00000164093	20	0.72405	0.97294	1.0	550	2	0.1686	0.054163	0.042876	0.193232	131	10	0.1686
ENSG00000163602	20	0.72636	0.97427	1.0	551	5	-0.046986	0.23582	0.2286	0.410801	339	4	-0.046986
ENSG00000151725	20	0.72702	0.97456	1.0	552	5	-0.037917	0.45873	0.49779	0.66345	456	5	-0.037917
ENSG00000127663	20	0.73228	0.97758	1.0	553	4	0.20342	0.028107	0.018179	0.130069	85	9	0.20342
ENSG00000170004	20	0.7352	0.97793	1.0	554	4	0.11856	0.073294	0.058056	0.220204	161	9	0.11856
ENSG00000146414	20	0.73796	0.97794	1.0	555	3	0.057771	0.31986	0.31724	0.487767	398	5	0.057771
ENSG00000150907	20	0.73973	0.97947	1.0	556	3	0.1096	0.12892	0.12021	0.303016	234	7	0.1096
ENSG00000243789	20	0.74466	0.97948	1.0	557	3	0.14035	0.10287	0.086511	0.254595	206	9	0.14035
ENSG00000132170	19	0.75378	0.97779	1.0	558	4	0.10489	0.013904	0.0087894	0.100102	58	7	0.10489
ENSG00000149124	20	0.75444	0.98073	1.0	559	3	0.17658	0.021118	0.01456	0.117613	72	9	0.17658
ENSG00000156030	19	0.75711	0.9778	1.0	560	3	0.040489	0.09123	0.077885	0.253439	186	6	0.040489
ENSG00000153487	20	0.76174	0.98182	1.0	561	3	0.072778	0.093244	0.080354	0.253439	192	8	0.072778
ENSG00000188895	20	0.76665	0.9827	1.0	562	2	0.42871	1.0794e-05	4.9574e-06	0.000762	2	14	0.42871
ENSG00000139372	20	0.76891	0.98301	1.0	563	4	0.12576	0.12911	0.12021	0.303016	236	8	0.12576
ENSG00000148737	20	0.77512	0.98359	1.0	564	4	-0.092636	0.051175	0.042876	0.193232	123	9	-0.092636
ENSG00000163875	19	0.77769	0.98032	1.0	565	3	0.1673	0.12883	0.11598	0.303016	232	8	0.1673
ENSG00000163935	20	0.78647	0.9855	1.0	566	3	0.16801	0.12892	0.12021	0.303016	235	8	0.16801
ENSG00000129691	20	0.79701	0.98575	1.0	567	4	0.26501	0.00061046	0.00026274	0.019124	8	9	0.26501
ENSG00000118156	20	0.80602	0.9866	1.0	568	4	0.057963	0.029607	0.019735	0.134858	90	9	0.057963
ENSG00000118418	20	0.81995	0.98787	1.0	569	3	-0.038875	0.25558	0.2542	0.416902	361	6	-0.038875
ENSG00000164256	19	0.82438	0.9865	1.0	570	3	0.17974	0.0054274	0.0028802	0.056938	32	9	0.17974
ENSG00000187778	20	0.83561	0.98899	1.0	571	3	0.22581	0.0047583	0.0029595	0.056938	29	10	0.22581
ENSG00000146670	20	0.83666	0.98899	1.0	572	3	0.041868	0.0047669	0.0029595	0.056938	30	7	0.041868
ENSG00000125798	20	0.84188	0.98999	1.0	573	4	0.15656	0.092502	0.079591	0.253439	188	9	0.15656
ENSG00000160633	20	0.85139	0.9906	1.0	574	1	0.34717	0.020364	0.012944	0.117064	68	11	0.34717
ENSG00000138795	20	0.86453	0.99217	1.0	575	3	0.043926	0.3031	0.30058	0.472795	391	6	0.043926
ENSG00000168453	20	0.8652	0.99234	1.0	576	3	0.078455	0.22735	0.22125	0.406198	332	7	0.078455
ENSG00000198730	20	0.86788	0.99284	1.0	577	3	0.1891	0.00080679	0.00033214	0.019124	9	9	0.1891
ENSG00000158806	20	0.86929	0.99336	1.0	578	3	0.17392	0.029204	0.01915	0.133835	88	10	0.17392
ENSG00000166135	20	0.8709	0.99367	1.0	579	4	0.21064	0.038465	0.027112	0.166738	99	9	0.21064
ENSG00000142082	20	0.87492	0.99457	1.0	580	4	0.018355	0.59501	0.63967	0.7723	505	4	0.018355
ENSG00000145041	20	0.87945	0.99457	1.0	581	4	0.14683	0.00021789	7.436e-05	0.008638	5	9	0.14683
ENSG00000155592	20	0.88069	0.99457	1.0	582	2	0.092515	0.040067	0.030195	0.175247	104	9	0.092515
ENSG00000175387	20	0.88076	0.99457	1.0	583	2	0.014235	0.43011	0.46331	0.641149	441	4	0.014235
ENSG00000204256	20	0.88205	0.99458	1.0	584	4	-0.0091349	0.0081911	0.0045955	0.065868	41	7	-0.0091349
ENSG00000176182	20	0.88856	0.99458	1.0	585	3	0.013558	0.23078	0.22126	0.406198	335	6	0.013558
ENSG00000119042	20	0.90054	0.99534	1.0	586	3	0.074469	0.087987	0.071728	0.242086	182	8	0.074469
ENSG00000197299	20	0.90678	0.9956	1.0	587	3	0.28139	0.001288	0.00051061	0.026169	12	11	0.28139
ENSG00000116273	20	0.91273	0.99573	1.0	588	2	0.1442	0.098526	0.083656	0.253439	199	9	0.1442
ENSG00000177200	20	0.91861	0.99608	1.0	589	3	0.041617	0.29387	0.27796	0.442871	385	7	0.041617
ENSG00000129534	19	0.92059	0.99445	1.0	590	2	0.091926	0.042443	0.033874	0.192892	107	8	0.091926
ENSG00000173404	20	0.92067	0.99609	1.0	591	2	-0.052502	0.96748	0.96701	0.980575	606	2	-0.052502
ENSG00000123600	20	0.92131	0.99616	1.0	592	3	0.14576	0.063763	0.04713	0.193232	146	9	0.14576
ENSG00000147548	20	0.92239	0.99617	1.0	593	2	-0.026072	0.13778	0.13002	0.30839	250	5	-0.026072
ENSG00000187166	20	0.92401	0.9963	1.0	594	3	0.12595	0.10532	0.086521	0.254595	210	8	0.12595
ENSG00000123636	20	0.92523	0.9964	1.0	595	3	0.16543	0.048451	0.042866	0.193232	116	9	0.16543
ENSG00000172301	20	0.92776	0.99646	1.0	596	3	0.18677	0.012333	0.0084226	0.099613	52	9	0.18677
ENSG00000230522	20	0.93723	0.99667	1.0	597	2	0.089346	0.44494	0.46705	0.641149	448	6	0.089346
ENSG00000138336	20	0.94062	0.9969	1.0	598	2	0.068171	0.56099	0.58593	0.727969	495	6	0.068171
ENSG00000133606	20	0.95287	0.99791	1.0	599	3	0.063063	0.10492	0.086521	0.254595	209	8	0.063063
ENSG00000164091	20	0.96012	0.99883	1.0	600	2	0.052998	0.074789	0.059702	0.223881	164	9	0.052998
ENSG00000166164	20	0.96318	0.99889	1.0	601	1	0.1532	0.086843	0.071728	0.242086	180	7	0.1532
ENSG00000143379	19	0.97014	0.99807	1.0	602	2	0.21895	0.089054	0.077875	0.253439	185	9	0.21895
ENSG00000186532	12	0.97081	0.99234	1.0	603	1	0.029632	0.66941	0.68805	0.810631	529	3	0.029632
ENSG00000205531	20	0.97367	0.99908	1.0	604	2	0.051976	0.049638	0.042866	0.193232	118	7	0.051976
ENSG00000136504	20	0.97376	0.99908	1.0	605	2	0.36277	0.00023905	8.4275e-05	0.008638	6	12	0.36277
ENSG00000053900	20	0.97479	0.99908	1.0	606	1	0.45607	1.9861e-05	4.9574e-06	0.000762	3	15	0.45607
ENSG00000131778	20	0.98051	0.99915	1.0	607	2	0.1801	0.16576	0.1482	0.319649	277	8	0.1801
ENSG00000139718	20	0.98281	0.99925	1.0	608	2	0.11257	0.029443	0.019735	0.134858	89	8	0.11257
ENSG00000166349	20	0.9837	0.99925	1.0	609	2	0.072335	0.18574	0.16912	0.349024	299	6	0.072335
ENSG00000196132	20	0.98544	0.99926	1.0	610	2	0.21696	0.0067259	0.0034255	0.056938	37	12	0.21696
ENSG00000122877	19	0.98719	0.99937	1.0	611	2	0.2894	0.0028792	0.0014327	0.046374	19	10	0.2894
ENSG00000136603	20	0.99754	0.99983	1.0	612	1	0.12613	0.14761	0.13538	0.30839	258	8	0.12613
ENSG00000133884	20	0.99838	0.99988	1.0	613	1	0.14051	0.083459	0.071718	0.242086	174	9	0.14051
ENSG00000130066	20	0.99962	0.99999	1.0	614	0	0.11626	0.48535	0.50811	0.66345	467	6	0.11626
