id	num	neg|score	neg|p-value	neg|fdr	neg|rank	neg|goodsgrna	neg|lfc	pos|score	pos|p-value	pos|fdr	pos|rank	pos|goodsgrna	pos|lfc
ENSG00000181090	20	2.5016e-15	4.9574e-06	0.001524	1	19	-1.6136	1.0	1.0	1.0	614	0	-1.6136
ENSG00000204371	20	4.1679e-13	4.9574e-06	0.001524	2	12	-0.95948	0.95609	0.94459	0.979635	592	1	-0.95948
ENSG00000173011	20	9.6266e-08	3.4702e-05	0.007114	3	12	-0.96314	0.9963	0.98271	0.996284	606	0	-0.96314
ENSG00000149480	20	1.3291e-06	0.00011402	0.01753	4	12	-0.85347	0.8951	0.89492	0.962676	569	2	-0.85347
ENSG00000134046	20	4.3985e-06	0.00032223	0.039634	5	11	-0.68362	0.88596	0.88482	0.961416	565	1	-0.68362
ENSG00000183072	20	0.00012408	0.0034949	0.358232	6	7	-0.27156	0.82518	0.84849	0.952478	545	3	-0.27156
ENSG00000134371	20	0.0001619	0.0042187	0.359479	7	5	0.035174	0.075803	0.07039	0.277498	156	5	0.035174
ENSG00000168702	20	0.00021796	0.0057059	0.359479	8	6	-0.28257	0.91728	0.91095	0.965083	578	2	-0.28257
ENSG00000140320	20	0.00022292	0.0061918	0.359479	9	11	-0.68922	0.99996	0.99875	1.0	612	0	-0.68922
ENSG00000125484	20	0.00026327	0.0064198	0.359479	10	9	-0.49039	0.22069	0.26637	0.56882	282	1	-0.49039
ENSG00000152382	20	0.00029953	0.0064297	0.359479	11	11	-0.63359	0.73231	0.77664	0.91677	520	2	-0.63359
ENSG00000136146	20	0.00035189	0.0076393	0.361867	12	9	-0.51366	0.98932	0.97517	0.996284	599	1	-0.51366
ENSG00000163348	20	0.00036855	0.0076492	0.361867	13	11	-0.65509	0.66231	0.72124	0.885689	497	2	-0.65509
ENSG00000116580	19	0.00076653	0.016563	0.72757	14	3	-0.10157	0.16885	0.23572	0.56882	247	4	-0.10157
ENSG00000136931	20	0.00094602	0.019825	0.79071	15	9	-0.46426	0.99304	0.98047	0.996284	601	0	-0.46426
ENSG00000175792	20	0.0010875	0.020806	0.79071	16	10	-0.62451	0.93851	0.9309	0.975303	587	1	-0.62451
ENSG00000135829	20	0.0011907	0.021857	0.79071	17	7	-0.10226	0.073951	0.07038	0.277498	149	4	-0.10226
ENSG00000181222	20	0.001325	0.024465	0.835874	18	4	0.029322	0.0089011	0.010406	0.12811	48	3	0.029322
ENSG00000177889	20	0.0016652	0.029323	0.901423	19	10	-0.48836	0.18579	0.24827	0.56882	259	6	-0.48836
ENSG00000204256	20	0.0016867	0.029333	0.901423	20	8	-0.51179	0.84302	0.86236	0.953079	553	2	-0.51179
ENSG00000141867	20	0.0020051	0.03078	0.901423	21	7	-0.25282	0.99927	0.99404	1.0	610	0	-0.25282
ENSG00000185049	20	0.0024139	0.035847	0.945906	22	9	-0.41426	0.92242	0.91486	0.965083	580	2	-0.41426
ENSG00000142453	20	0.0028891	0.041121	0.945906	23	8	-0.33924	0.66272	0.72124	0.885689	498	2	-0.33924
ENSG00000164032	20	0.0029166	0.041131	0.945906	24	9	-0.5605	0.99471	0.98048	0.996284	604	0	-0.5605
ENSG00000156030	19	0.002986	0.043858	0.945906	25	7	-0.21962	0.2229	0.26244	0.56882	283	4	-0.21962
ENSG00000144355	20	0.0029881	0.04132	0.945906	26	8	-0.27611	0.13898	0.20386	0.56222	223	5	-0.27611
ENSG00000166477	20	0.0029995	0.04132	0.945906	27	7	-0.27014	0.18395	0.24827	0.56882	257	4	-0.27014
ENSG00000128714	20	0.0030579	0.044542	0.945906	28	8	-0.17063	0.51583	0.5642	0.779741	445	3	-0.17063
ENSG00000155858	20	0.003146	0.047259	0.945906	29	7	-0.12037	0.4017	0.45137	0.700996	394	5	-0.12037
ENSG00000153391	20	0.0032735	0.048885	0.945906	30	9	-0.51454	0.7695	0.82314	0.947058	532	2	-0.51454
ENSG00000166337	20	0.0032809	0.048885	0.945906	31	8	-0.19103	0.87942	0.8753	0.954447	564	2	-0.19103
ENSG00000204463	20	0.0038115	0.053475	0.945906	32	9	-0.4428	0.61377	0.64309	0.823965	481	2	-0.4428
ENSG00000119403	20	0.0038276	0.053475	0.945906	33	7	-0.20608	0.44506	0.49247	0.707652	417	4	-0.20608
ENSG00000137074	20	0.0041053	0.053485	0.945906	34	9	-0.43487	0.47952	0.54884	0.774173	432	2	-0.43487
ENSG00000189091	20	0.0044117	0.053832	0.945906	35	6	-0.26274	0.62433	0.65531	0.830959	485	4	-0.26274
ENSG00000161888	20	0.005635	0.063231	1.0	36	4	0.085176	0.064677	0.057699	0.259013	137	7	0.085176
ENSG00000126756	20	0.006455	0.067723	1.0	37	7	-0.46814	0.99999	0.99981	1.0	613	0	-0.46814
ENSG00000169189	20	0.0072034	0.070866	1.0	38	8	-0.3836	0.08094	0.073453	0.278127	161	6	-0.3836
ENSG00000168769	20	0.0072395	0.070866	1.0	39	4	-0.15705	0.36708	0.41976	0.679341	380	5	-0.15705
ENSG00000175325	20	0.0074164	0.071312	1.0	40	8	-0.15213	0.72066	0.77239	0.915263	516	2	-0.15213
ENSG00000188375	18	0.0075668	0.065452	1.0	41	7	-0.22275	0.53732	0.58313	0.802293	451	4	-0.22275
ENSG00000136169	19	0.0078574	0.07157	1.0	42	8	-0.49169	0.28051	0.32628	0.603776	326	4	-0.49169
ENSG00000147601	20	0.0079018	0.075188	1.0	43	7	-0.10967	0.94799	0.94085	0.979635	589	2	-0.10967
ENSG00000204304	20	0.0080259	0.075198	1.0	44	8	-0.28522	0.20785	0.26636	0.56882	269	3	-0.28522
ENSG00000178691	20	0.0084172	0.07733	1.0	45	9	-0.53991	0.27724	0.31832	0.602355	324	3	-0.53991
ENSG00000145287	20	0.0088415	0.080374	1.0	46	3	-0.10817	0.79901	0.83802	0.950899	539	3	-0.10817
ENSG00000197724	20	0.0090946	0.08081	1.0	47	5	-0.22626	0.30289	0.34403	0.615047	343	1	-0.22626
ENSG00000162961	20	0.0091694	0.08081	1.0	48	9	-0.49064	0.26409	0.31831	0.602355	314	3	-0.49064
ENSG00000132275	20	0.0092955	0.08082	1.0	49	9	-0.41808	0.93286	0.92742	0.973315	585	2	-0.41808
ENSG00000188312	20	0.009526	0.084082	1.0	50	9	-0.21802	0.95708	0.94459	0.979635	593	1	-0.21802
ENSG00000169857	20	0.009947	0.090457	1.0	51	9	-0.35005	0.33487	0.39923	0.663604	363	4	-0.35005
ENSG00000196498	20	0.010027	0.090457	1.0	52	9	-0.31736	0.79533	0.83802	0.950899	538	3	-0.31736
ENSG00000128908	20	0.010441	0.091221	1.0	53	6	-0.013994	0.13597	0.20193	0.561927	219	5	-0.013994
ENSG00000163961	20	0.011093	0.092936	1.0	54	9	-0.57308	0.99551	0.98048	0.996284	605	0	-0.57308
ENSG00000166848	20	0.011713	0.10235	1.0	55	6	0.027728	0.082914	0.073453	0.278127	164	3	0.027728
ENSG00000157613	20	0.011799	0.10235	1.0	56	8	-0.36892	0.11247	0.11732	0.36259	197	5	-0.36892
ENSG00000147274	20	0.012486	0.10236	1.0	57	6	0.10726	0.034142	0.034379	0.215748	98	6	0.10726
ENSG00000166439	20	0.013633	0.1164	1.0	58	3	-0.067628	0.48608	0.54884	0.774173	436	3	-0.067628
ENSG00000159259	20	0.014817	0.12336	1.0	59	7	-0.26973	0.16985	0.2458	0.56882	249	4	-0.26973
ENSG00000135144	20	0.015564	0.12873	1.0	60	6	-0.1303	0.76972	0.82314	0.947058	533	3	-0.1303
ENSG00000143321	20	0.015703	0.12874	1.0	61	8	-0.32669	0.37147	0.42772	0.681637	381	2	-0.32669
ENSG00000148516	20	0.015958	0.12874	1.0	62	8	-0.13942	0.61182	0.64309	0.823965	480	3	-0.13942
ENSG00000138617	20	0.016209	0.13216	1.0	63	6	-0.072652	0.024727	0.025644	0.185545	84	3	-0.072652
ENSG00000120656	20	0.016252	0.13216	1.0	64	7	-0.34832	0.60484	0.64308	0.823965	478	4	-0.34832
ENSG00000140382	20	0.016603	0.13217	1.0	65	6	0.0080772	0.43042	0.48365	0.707652	410	5	0.0080772
ENSG00000139620	19	0.016846	0.13711	1.0	66	3	-0.0034675	0.054116	0.046822	0.253572	128	5	-0.0034675
ENSG00000179772	20	0.017063	0.13335	1.0	67	7	-0.32452	0.7555	0.80487	0.935722	530	1	-0.32452
ENSG00000129534	19	0.01709	0.13952	1.0	68	6	0.2147	0.077723	0.065522	0.272268	157	7	0.2147
ENSG00000121152	18	0.018944	0.13176	1.0	69	8	-0.29573	0.19074	0.23612	0.56882	263	3	-0.29573
ENSG00000159055	19	0.018997	0.14031	1.0	70	2	0.45164	0.0003325	0.00024291	0.013581	13	8	0.45164
ENSG00000198554	19	0.019059	0.14031	1.0	71	6	-0.21806	0.57085	0.61604	0.810117	463	2	-0.21806
ENSG00000185420	20	0.019944	0.15315	1.0	72	3	-0.076823	0.1495	0.21241	0.56882	230	5	-0.076823
ENSG00000137203	20	0.021569	0.16179	1.0	73	7	-0.42062	0.7499	0.78569	0.920389	525	3	-0.42062
ENSG00000198646	20	0.022362	0.1618	1.0	74	8	-0.20067	0.83092	0.85181	0.952478	549	1	-0.20067
ENSG00000117139	20	0.023027	0.1618	1.0	75	8	-0.059078	0.827	0.8518	0.952478	547	2	-0.059078
ENSG00000118418	20	0.023149	0.1618	1.0	76	4	0.15947	0.0066272	0.0049822	0.074732	41	8	0.15947
ENSG00000139515	20	0.024115	0.17054	1.0	77	6	-0.087613	0.075794	0.07039	0.277498	155	2	-0.087613
ENSG00000138050	20	0.024195	0.17054	1.0	78	8	-0.31363	0.75508	0.80487	0.935722	529	3	-0.31363
ENSG00000139083	20	0.024281	0.17054	1.0	79	6	-0.039446	0.0098199	0.011595	0.139825	51	6	-0.039446
ENSG00000126457	20	0.024328	0.17055	1.0	80	6	-0.12169	0.28675	0.32834	0.603776	329	4	-0.12169
ENSG00000171681	20	0.024727	0.17055	1.0	81	4	0.20527	0.11845	0.12366	0.370486	201	7	0.20527
ENSG00000132780	20	0.024853	0.17055	1.0	82	6	-0.13267	0.87461	0.8753	0.954447	563	2	-0.13267
ENSG00000196591	20	0.025156	0.17144	1.0	83	3	-0.13831	0.57168	0.61672	0.810117	465	4	-0.13831
ENSG00000117724	20	0.025713	0.17938	1.0	84	8	-0.42141	0.54591	0.60243	0.810117	455	1	-0.42141
ENSG00000117713	20	0.026512	0.18315	1.0	85	8	-0.33786	0.86575	0.8719	0.954447	561	1	-0.33786
ENSG00000184402	20	0.026817	0.18315	1.0	86	7	-0.13846	0.67809	0.73896	0.899922	505	3	-0.13846
ENSG00000128573	20	0.027308	0.18315	1.0	87	8	-0.39898	0.064905	0.059434	0.261128	138	1	-0.39898
ENSG00000173531	20	0.028611	0.18316	1.0	88	6	0.31501	0.020272	0.018516	0.14599	77	6	0.31501
ENSG00000163930	20	0.029218	0.18383	1.0	89	8	-0.2113	0.53977	0.60242	0.810117	453	3	-0.2113
ENSG00000136824	20	0.029994	0.18909	1.0	90	5	-0.06983	0.42784	0.48365	0.707652	407	4	-0.06983
ENSG00000183955	20	0.031836	0.19024	1.0	91	8	-0.13136	0.23021	0.27021	0.571065	292	6	-0.13136
ENSG00000126856	20	0.0325	0.19596	1.0	92	6	-0.27223	0.34192	0.40398	0.669672	371	3	-0.27223
ENSG00000179361	20	0.032872	0.19596	1.0	93	3	0.024213	0.85713	0.86629	0.953079	559	2	0.024213
ENSG00000130711	20	0.034031	0.20994	1.0	94	6	-0.11007	0.25214	0.28646	0.573856	307	5	-0.11007
ENSG00000129514	20	0.03414	0.21815	1.0	95	7	-0.31855	0.34083	0.39924	0.663604	370	2	-0.31855
ENSG00000140990	20	0.034585	0.27033	1.0	96	3	0.12244	0.087884	0.080959	0.284547	173	7	0.12244
ENSG00000166313	20	0.034838	0.27034	1.0	97	7	-0.2263	0.18829	0.25105	0.56882	261	6	-0.2263
ENSG00000172845	20	0.035703	0.27135	1.0	98	2	0.19061	0.097697	0.096674	0.317951	181	6	0.19061
ENSG00000167085	20	0.036117	0.27135	1.0	99	6	0.09612	0.090551	0.080969	0.284547	178	7	0.09612
ENSG00000188662	20	0.036176	0.27135	1.0	100	5	-0.097089	0.84687	0.86237	0.953079	554	2	-0.097089
ENSG00000152465	20	0.036967	0.2758	1.0	101	6	-0.0070014	0.069439	0.060812	0.261534	143	2	-0.0070014
ENSG00000165494	19	0.037029	0.25917	1.0	102	6	-0.17535	0.0054809	0.0038221	0.065295	38	5	-0.17535
ENSG00000125398	20	0.037261	0.2758	1.0	103	5	-0.29109	0.82761	0.8518	0.952478	548	2	-0.29109
ENSG00000167491	20	0.037864	0.27581	1.0	104	5	-0.15111	0.10515	0.098746	0.317951	191	7	-0.15111
ENSG00000163104	20	0.037977	0.27581	1.0	105	8	-0.29135	0.88957	0.89492	0.962676	567	2	-0.29135
ENSG00000182979	20	0.039503	0.28393	1.0	106	6	-0.35101	0.29482	0.33183	0.603776	338	2	-0.35101
ENSG00000198730	20	0.041031	0.2881	1.0	107	6	-0.10298	0.65293	0.72123	0.885689	494	3	-0.10298
ENSG00000124702	20	0.041185	0.2881	1.0	108	7	0.34201	0.21629	0.26637	0.56882	275	5	0.34201
ENSG00000173120	20	0.041922	0.2881	1.0	109	2	0.18861	0.05101	0.054159	0.253572	122	8	0.18861
ENSG00000269897	20	0.043116	0.2881	1.0	110	7	-0.28127	0.5312	0.59685	0.810117	449	2	-0.28127
ENSG00000132604	19	0.044874	0.28466	1.0	111	2	0.20645	0.0023088	0.0014327	0.03811	26	7	0.20645
ENSG00000126012	20	0.045495	0.28811	1.0	112	7	-0.24389	0.99719	0.98494	0.996284	608	0	-0.24389
ENSG00000141446	20	0.047683	0.28811	1.0	113	4	-0.16762	0.52725	0.59684	0.810117	448	1	-0.16762
ENSG00000118058	20	0.048103	0.28811	1.0	114	6	-0.3486	0.73405	0.77665	0.91677	521	3	-0.3486
ENSG00000147889	20	0.049122	0.29268	1.0	115	7	-0.33709	0.82143	0.84179	0.951651	544	1	-0.33709
ENSG00000124151	20	0.051045	0.30419	1.0	116	6	-0.065212	0.11954	0.12366	0.370486	202	6	-0.065212
ENSG00000153814	20	0.05149	0.3042	1.0	117	5	-0.24447	0.39809	0.43761	0.684812	393	2	-0.24447
ENSG00000176476	20	0.05183	0.3042	1.0	118	7	-0.35031	0.51453	0.5642	0.779741	444	2	-0.35031
ENSG00000213024	20	0.052152	0.3042	1.0	119	6	-0.06869	0.016252	0.01801	0.14599	68	6	-0.06869
ENSG00000131944	20	0.053053	0.31055	1.0	120	7	-0.23425	0.078443	0.073443	0.278127	158	5	-0.23425
ENSG00000118900	20	0.053619	0.31056	1.0	121	4	0.12565	0.13155	0.19478	0.557	215	6	0.12565
ENSG00000132510	20	0.054206	0.31056	1.0	122	6	-0.061198	0.72408	0.77239	0.915263	517	2	-0.061198
ENSG00000171148	20	0.056485	0.32958	1.0	123	7	-0.23903	0.27009	0.31831	0.602355	318	5	-0.23903
ENSG00000164850	20	0.056836	0.32958	1.0	124	7	-0.27682	0.40857	0.46655	0.707652	398	3	-0.27682
ENSG00000133606	20	0.056898	0.32958	1.0	125	6	-0.19907	0.09032	0.080969	0.284547	177	3	-0.19907
ENSG00000175029	20	0.05846	0.32959	1.0	126	6	-0.13574	0.72459	0.77239	0.915263	518	2	-0.13574
ENSG00000175121	19	0.060358	0.32918	1.0	127	6	0.20845	0.081704	0.074157	0.278127	163	6	0.20845
ENSG00000183337	19	0.060906	0.32918	1.0	128	7	-0.12496	0.083397	0.074167	0.278127	165	4	-0.12496
ENSG00000173757	20	0.061871	0.33431	1.0	129	4	-0.051217	0.10838	0.11313	0.360499	193	6	-0.051217
ENSG00000171490	20	0.061924	0.33431	1.0	130	4	0.39814	0.0042119	0.0032173	0.058375	33	9	0.39814
ENSG00000169925	20	0.06233	0.33431	1.0	131	5	0.017926	0.91262	0.90642	0.965083	575	1	0.017926
ENSG00000163623	20	0.063156	0.33431	1.0	132	7	-0.40828	0.39427	0.4376	0.684812	391	5	-0.40828
ENSG00000101182	20	0.063658	0.33431	1.0	133	5	0.13665	0.10926	0.11509	0.36114	194	6	0.13665
ENSG00000119760	20	0.064155	0.33966	1.0	134	7	-0.39309	0.98711	0.97005	0.996284	597	1	-0.39309
ENSG00000136997	20	0.065875	0.33967	1.0	135	6	0.116	0.13872	0.20385	0.56222	222	5	0.116
ENSG00000129071	20	0.069435	0.36247	1.0	136	5	-0.053346	0.31797	0.36969	0.636871	353	5	-0.053346
ENSG00000175279	20	0.069439	0.36247	1.0	137	4	-0.2807	0.6515	0.72123	0.885689	493	3	-0.2807
ENSG00000129744	20	0.069651	0.36247	1.0	138	7	-0.028056	0.096204	0.096664	0.317951	179	2	-0.028056
ENSG00000162521	20	0.071173	0.36388	1.0	139	7	-0.16651	0.0085395	0.010406	0.12811	46	6	-0.16651
ENSG00000171861	20	0.072121	0.36389	1.0	140	6	-0.16407	0.31782	0.36969	0.636871	352	3	-0.16407
ENSG00000115289	20	0.075063	0.37278	1.0	141	6	-0.001386	0.56313	0.60944	0.810117	460	2	-0.001386
ENSG00000186487	20	0.075441	0.37278	1.0	142	5	0.02163	0.57127	0.61671	0.810117	464	4	0.02163
ENSG00000171634	20	0.075451	0.37278	1.0	143	3	0.044753	0.08687	0.080959	0.284547	171	7	0.044753
ENSG00000122304	20	0.075622	0.37278	1.0	144	5	-0.098931	0.89176	0.89492	0.962676	568	2	-0.098931
ENSG00000154832	20	0.076948	0.37279	1.0	145	5	-0.027981	0.70596	0.77238	0.915263	511	3	-0.027981
ENSG00000138785	20	0.07696	0.37279	1.0	146	6	-0.039	0.27029	0.31831	0.602355	319	4	-0.039
ENSG00000116750	20	0.078443	0.37279	1.0	147	5	-0.016931	0.58768	0.62944	0.818407	473	3	-0.016931
ENSG00000185818	20	0.079206	0.37279	1.0	148	7	-0.20686	0.64876	0.71264	0.885689	492	4	-0.20686
ENSG00000130177	20	0.079936	0.37772	1.0	149	5	-0.16083	0.016815	0.01801	0.14599	72	5	-0.16083
ENSG00000140396	20	0.080768	0.37773	1.0	150	7	-0.18378	0.38395	0.43225	0.681637	386	4	-0.18378
ENSG00000166451	20	0.081426	0.37961	1.0	151	6	0.03602	0.32207	0.3697	0.636871	357	3	0.03602
ENSG00000148835	20	0.082914	0.37962	1.0	152	3	0.13997	0.033372	0.034369	0.215748	97	6	0.13997
ENSG00000129474	20	0.084081	0.38051	1.0	153	3	0.035956	0.28309	0.32834	0.603776	328	4	0.035956
ENSG00000163635	20	0.088375	0.39234	1.0	154	6	-0.22902	0.62396	0.65531	0.830959	484	3	-0.22902
ENSG00000130816	20	0.088843	0.39235	1.0	155	6	-0.03997	0.59709	0.63787	0.823965	476	4	-0.03997
ENSG00000164754	20	0.089113	0.39235	1.0	156	6	-0.12539	0.71157	0.77238	0.915263	512	3	-0.12539
ENSG00000187605	20	0.089762	0.40419	1.0	157	7	-0.033217	0.12387	0.12678	0.371327	209	6	-0.033217
ENSG00000197771	20	0.090393	0.40896	1.0	158	7	0.17447	0.18284	0.24827	0.56882	255	6	0.17447
ENSG00000160953	20	0.091185	0.40896	1.0	159	6	0.16932	0.22429	0.26637	0.56882	285	5	0.16932
ENSG00000188976	20	0.092276	0.40897	1.0	160	6	-0.096376	0.18728	0.24827	0.56882	260	4	-0.096376
ENSG00000182095	20	0.092447	0.40897	1.0	161	6	-0.24131	0.27272	0.31832	0.602355	320	3	-0.24131
ENSG00000147133	20	0.092937	0.41644	1.0	162	5	0.1517	0.56417	0.60944	0.810117	461	4	0.1517
ENSG00000157933	20	0.093266	0.41644	1.0	163	6	-0.083111	0.90009	0.89493	0.962676	571	2	-0.083111
ENSG00000172943	20	0.095398	0.41645	1.0	164	5	-0.24872	0.91477	0.90643	0.965083	577	2	-0.24872
ENSG00000151883	20	0.096048	0.41843	1.0	165	7	-0.015034	0.023492	0.023642	0.179502	81	6	-0.015034
ENSG00000146414	20	0.096363	0.41843	1.0	166	7	-0.086679	0.21651	0.26637	0.56882	277	6	-0.086679
ENSG00000116005	20	0.096699	0.41843	1.0	167	5	-0.18331	0.3517	0.40972	0.671383	374	3	-0.18331
ENSG00000153147	20	0.09685	0.41843	1.0	168	6	0.046165	0.56092	0.60944	0.810117	459	1	0.046165
ENSG00000162396	20	0.097669	0.41843	1.0	169	2	0.23427	0.29919	0.34402	0.615047	341	5	0.23427
ENSG00000186462	20	0.10059	0.42392	1.0	170	4	-0.12883	0.92724	0.91487	0.965083	582	1	-0.12883
ENSG00000173575	20	0.10084	0.42653	1.0	171	6	-0.063142	0.24796	0.28645	0.573856	302	5	-0.063142
ENSG00000162367	20	0.10215	0.42653	1.0	172	5	-0.10738	0.75168	0.7857	0.920389	527	3	-0.10738
ENSG00000181555	20	0.10278	0.42653	1.0	173	4	-0.14357	0.68216	0.7516	0.911706	506	3	-0.14357
ENSG00000119778	20	0.10451	0.42654	1.0	174	5	-0.26527	0.30504	0.36018	0.636538	345	3	-0.26527
ENSG00000165671	20	0.10461	0.42654	1.0	175	4	0.31048	0.01071	0.01342	0.14599	54	5	0.31048
ENSG00000119969	20	0.10673	0.42654	1.0	176	6	-0.25781	0.048103	0.051879	0.253572	119	4	-0.25781
ENSG00000172977	20	0.10718	0.42654	1.0	177	6	-0.047333	0.12241	0.12367	0.370486	206	3	-0.047333
ENSG00000169375	20	0.11001	0.43368	1.0	178	5	-0.22501	0.11435	0.11733	0.36259	199	4	-0.22501
ENSG00000137815	20	0.11364	0.44597	1.0	179	3	0.11517	0.23021	0.27021	0.571065	291	4	0.11517
ENSG00000151725	20	0.11394	0.44597	1.0	180	6	-0.27768	0.24701	0.28645	0.573856	300	4	-0.27768
ENSG00000153487	20	0.11498	0.44597	1.0	181	6	-0.32639	0.99824	0.98986	0.999615	609	0	-0.32639
ENSG00000171282	20	0.11684	0.44597	1.0	182	6	-0.14931	0.46241	0.49248	0.707652	428	3	-0.14931
ENSG00000144369	20	0.11795	0.44597	1.0	183	4	-0.090051	0.14829	0.21241	0.56882	228	6	-0.090051
ENSG00000126778	20	0.11852	0.44598	1.0	184	3	0.12814	0.26529	0.31831	0.602355	315	5	0.12814
ENSG00000163159	20	0.11938	0.44598	1.0	185	6	0.056721	0.038545	0.038018	0.231496	101	8	0.056721
ENSG00000163322	20	0.12081	0.44598	1.0	186	3	0.011046	0.016516	0.01801	0.14599	70	7	0.011046
ENSG00000198900	20	0.12188	0.44598	1.0	187	4	0.11172	0.17998	0.24827	0.56882	254	5	0.11172
ENSG00000183576	20	0.12224	0.44598	1.0	188	2	0.23804	0.020703	0.018516	0.14599	78	8	0.23804
ENSG00000142623	20	0.12289	0.44598	1.0	189	6	-0.30114	0.91404	0.90642	0.965083	576	1	-0.30114
ENSG00000166446	20	0.12345	0.44598	1.0	190	6	-0.19155	0.41252	0.46656	0.707652	401	4	-0.19155
ENSG00000138336	20	0.12508	0.45351	1.0	191	2	0.12069	0.12259	0.12678	0.371327	207	7	0.12069
ENSG00000137812	20	0.12619	0.45352	1.0	192	6	-0.11635	0.16063	0.23494	0.56882	238	4	-0.11635
ENSG00000132383	19	0.12699	0.45097	1.0	193	3	0.04342	0.6323	0.69934	0.879539	488	1	0.04342
ENSG00000146918	20	0.1279	0.45352	1.0	194	5	0.04712	0.19282	0.25106	0.56882	264	6	0.04712
ENSG00000141644	20	0.12833	0.45352	1.0	195	3	-0.010398	0.44175	0.49247	0.707652	415	5	-0.010398
ENSG00000149948	20	0.13025	0.47025	1.0	196	6	0.13845	0.62346	0.65531	0.830959	483	3	0.13845
ENSG00000257923	20	0.13075	0.47025	1.0	197	5	-0.19916	0.28784	0.32835	0.603776	331	3	-0.19916
ENSG00000120071	20	0.13107	0.47025	1.0	198	4	0.11365	0.02795	0.030047	0.199904	89	6	0.11365
ENSG00000139687	20	0.13323	0.47026	1.0	199	4	0.29093	0.43672	0.49247	0.707652	413	5	0.29093
ENSG00000156502	20	0.13358	0.47026	1.0	200	3	-0.20342	0.28201	0.32332	0.603776	327	5	-0.20342
ENSG00000116273	20	0.13475	0.47437	1.0	201	5	-0.063802	0.97229	0.95439	0.988128	594	1	-0.063802
ENSG00000170820	20	0.13525	0.47437	1.0	202	5	0.42277	0.012026	0.014034	0.14599	58	9	0.42277
ENSG00000156931	20	0.13724	0.47438	1.0	203	5	0.014815	0.046864	0.050223	0.253572	118	6	0.014815
ENSG00000115207	20	0.13774	0.47438	1.0	204	6	0.053619	0.36005	0.41374	0.671383	378	5	0.053619
ENSG00000132522	20	0.13779	0.47438	1.0	205	5	-0.041678	0.33664	0.39923	0.663604	365	5	-0.041678
ENSG00000135476	20	0.14059	0.4823	1.0	206	6	0.22472	0.34025	0.39924	0.663604	369	4	0.22472
ENSG00000185122	20	0.14225	0.48231	1.0	207	4	-0.21575	0.48535	0.54884	0.774173	435	4	-0.21575
ENSG00000132646	20	0.14399	0.48933	1.0	208	6	-0.29122	0.29217	0.33182	0.603776	333	3	-0.29122
ENSG00000165124	20	0.14407	0.48933	1.0	209	5	0.025189	0.89673	0.89493	0.962676	570	2	0.025189
ENSG00000176692	20	0.1451	0.49284	1.0	210	5	0.046091	0.01676	0.01801	0.14599	71	4	0.046091
ENSG00000198157	20	0.14562	0.49284	1.0	211	3	0.30664	0.13198	0.19653	0.557	217	6	0.30664
ENSG00000116830	20	0.14617	0.49284	1.0	212	5	-0.086715	0.014292	0.016067	0.14599	63	4	-0.086715
ENSG00000135899	19	0.14678	0.50674	1.0	213	6	0.0013636	0.62845	0.69442	0.875144	486	3	0.0013636
ENSG00000124795	20	0.14828	0.49917	1.0	214	4	0.001512	0.47804	0.54884	0.774173	431	4	0.001512
ENSG00000185515	20	0.14894	0.50726	1.0	215	4	-0.0029599	0.043886	0.04474	0.253572	108	6	-0.0029599
ENSG00000136518	20	0.14906	0.50726	1.0	216	5	-0.41384	0.068722	0.060802	0.261534	142	6	-0.41384
ENSG00000177700	20	0.1495	0.50726	1.0	217	4	-0.19519	0.85532	0.86629	0.953079	558	1	-0.19519
ENSG00000187790	19	0.15005	0.5217	1.0	218	6	-0.21992	0.98836	0.97012	0.996284	598	1	-0.21992
ENSG00000119772	20	0.15033	0.50727	1.0	219	3	0.43299	0.21645	0.26637	0.56882	276	6	0.43299
ENSG00000170965	20	0.1537	0.5309	1.0	220	5	0.062285	0.84744	0.86237	0.953079	555	3	0.062285
ENSG00000205683	20	0.15475	0.5309	1.0	221	5	-0.039299	0.042897	0.040417	0.243693	104	6	-0.039299
ENSG00000116035	20	0.15513	0.53091	1.0	222	6	-0.073199	0.58371	0.62175	0.810117	472	3	-0.073199
ENSG00000142611	19	0.15571	0.52407	1.0	223	3	0.0055062	0.066818	0.061258	0.261623	139	6	0.0055062
ENSG00000127445	20	0.15584	0.53091	1.0	224	2	0.064819	0.17838	0.24826	0.56882	252	6	0.064819
ENSG00000139613	20	0.16066	0.53957	1.0	225	4	-0.0038994	0.98476	0.96734	0.996284	596	1	-0.0038994
ENSG00000147548	20	0.16132	0.53957	1.0	226	3	0.1974	0.12939	0.19478	0.557	213	6	0.1974
ENSG00000169083	20	0.16661	0.55515	1.0	227	5	-0.25596	0.24712	0.28645	0.573856	301	4	-0.25596
ENSG00000127616	20	0.16668	0.55515	1.0	228	6	-0.048391	0.058506	0.05525	0.253572	132	5	-0.048391
ENSG00000151503	20	0.16745	0.55515	1.0	229	4	0.071422	0.219	0.26637	0.56882	280	6	0.071422
ENSG00000171456	20	0.16812	0.55723	1.0	230	3	-0.25333	0.17676	0.24826	0.56882	251	3	-0.25333
ENSG00000116670	20	0.16938	0.55723	1.0	231	6	-0.01092	0.088843	0.080959	0.284547	175	6	-0.01092
ENSG00000156256	20	0.16948	0.55723	1.0	232	2	0.056234	0.00032469	0.00042138	0.017276	12	8	0.056234
ENSG00000141570	20	0.17186	0.55723	1.0	233	6	0.0085949	0.050251	0.054159	0.253572	121	3	0.0085949
ENSG00000124177	20	0.17328	0.55723	1.0	234	3	-0.057258	0.55473	0.60943	0.810117	457	4	-0.057258
ENSG00000165702	20	0.17353	0.55723	1.0	235	1	-0.091953	0.16541	0.24233	0.56882	243	5	-0.091953
ENSG00000153046	20	0.17611	0.55724	1.0	236	6	-0.068962	0.14221	0.20591	0.562832	225	3	-0.068962
ENSG00000181163	20	0.17718	0.55724	1.0	237	5	-0.061391	0.062514	0.056519	0.255582	136	5	-0.061391
ENSG00000145041	20	0.1783	0.55724	1.0	238	5	0.0016184	0.43235	0.48366	0.707652	411	4	0.0016184
ENSG00000173894	20	0.1794	0.55724	1.0	239	6	-0.20933	0.9448	0.93808	0.979635	588	2	-0.20933
ENSG00000196235	20	0.18	0.55724	1.0	240	5	-0.19137	0.25202	0.28646	0.573856	306	5	-0.19137
ENSG00000120616	20	0.18024	0.55724	1.0	241	4	0.56829	0.00055063	0.00055027	0.018801	16	11	0.56829
ENSG00000053900	20	0.18157	0.56682	1.0	242	4	0.34784	0.0085351	0.010406	0.12811	45	9	0.34784
ENSG00000143224	20	0.18271	0.56682	1.0	243	6	-0.070035	0.57771	0.62174	0.810117	468	3	-0.070035
ENSG00000155666	20	0.1861	0.5797	1.0	244	3	0.12414	0.0088415	0.010406	0.12811	47	6	0.12414
ENSG00000183814	20	0.18786	0.58503	1.0	245	6	-0.08717	0.16111	0.23495	0.56882	239	3	-0.08717
ENSG00000142599	20	0.18929	0.58503	1.0	246	5	0.31626	0.075377	0.07039	0.277498	153	6	0.31626
ENSG00000170322	20	0.1908	0.58503	1.0	247	3	-0.076846	0.54895	0.60943	0.810117	456	3	-0.076846
ENSG00000185811	19	0.19233	0.56799	1.0	248	3	-0.052752	0.44277	0.47151	0.707652	416	2	-0.052752
ENSG00000121481	20	0.19434	0.58504	1.0	249	2	0.055658	0.052378	0.054159	0.253572	124	7	0.055658
ENSG00000166582	20	0.19492	0.58504	1.0	250	6	0.031085	0.40993	0.46655	0.707652	399	3	0.031085
ENSG00000115966	20	0.19611	0.58504	1.0	251	3	-0.15489	0.27606	0.31832	0.602355	322	3	-0.15489
ENSG00000148400	20	0.20183	0.59165	1.0	252	6	-0.3598	0.99967	0.99534	1.0	611	0	-0.3598
ENSG00000153922	20	0.20201	0.59165	1.0	253	4	-0.067409	0.40206	0.45137	0.700996	395	2	-0.067409
ENSG00000141448	20	0.20317	0.59166	1.0	254	6	-0.24766	0.90201	0.89849	0.962676	572	2	-0.24766
ENSG00000155545	20	0.20695	0.60306	1.0	255	6	-0.23032	0.98214	0.96221	0.994553	595	1	-0.23032
ENSG00000204775	19	0.20781	0.57907	1.0	256	3	-0.19917	0.74317	0.80309	0.935722	523	3	-0.19917
ENSG00000143390	20	0.20785	0.60306	1.0	257	5	0.18348	0.058927	0.05525	0.253572	133	6	0.18348
ENSG00000196843	20	0.20912	0.60307	1.0	258	6	-0.31361	0.053104	0.054159	0.253572	127	3	-0.31361
ENSG00000115524	20	0.21301	0.61099	1.0	259	1	0.33544	0.002011	0.0016111	0.03811	23	8	0.33544
ENSG00000171316	20	0.21624	0.611	1.0	260	6	0.046556	0.80835	0.83803	0.950899	542	2	0.046556
ENSG00000167670	18	0.21783	0.57305	1.0	261	3	-0.12407	0.089067	0.090705	0.313391	176	6	-0.12407
ENSG00000140534	20	0.22069	0.611	1.0	262	4	-0.018822	0.0054364	0.0043972	0.06934	36	5	-0.018822
ENSG00000145391	20	0.22126	0.61345	1.0	263	3	-0.21863	0.93446	0.92742	0.973315	586	2	-0.21863
ENSG00000116017	20	0.22256	0.62994	1.0	264	4	0.098713	0.50636	0.56419	0.779741	440	3	0.098713
ENSG00000197921	20	0.22367	0.62994	1.0	265	5	-0.098671	0.49332	0.55351	0.777209	437	3	-0.098671
ENSG00000176182	20	0.22646	0.62995	1.0	266	4	0.0216	0.029116	0.03081	0.199904	91	5	0.0216
ENSG00000158806	20	0.22659	0.62995	1.0	267	4	-0.16969	0.50444	0.55953	0.779741	439	4	-0.16969
ENSG00000171843	20	0.23208	0.63261	1.0	268	4	-0.13502	0.74858	0.78569	0.920389	524	3	-0.13502
ENSG00000177200	20	0.23389	0.63261	1.0	269	4	-0.12075	0.99664	0.98493	0.996284	607	0	-0.12075
ENSG00000125817	20	0.23458	0.63261	1.0	270	4	-0.065565	0.43715	0.49247	0.707652	414	5	-0.065565
ENSG00000172530	20	0.2346	0.63261	1.0	271	5	0.09321	0.31958	0.36969	0.636871	355	4	0.09321
ENSG00000116539	20	0.23477	0.63261	1.0	272	4	-0.16073	0.70264	0.77238	0.915263	508	3	-0.16073
ENSG00000129691	20	0.23609	0.63261	1.0	273	3	0.70061	7.8947e-06	1.4872e-05	0.004573	2	11	0.70061
ENSG00000135632	20	0.23696	0.63261	1.0	274	5	0.19687	0.45619	0.49248	0.707652	424	4	0.19687
ENSG00000132600	20	0.23833	0.63261	1.0	275	4	0.12919	0.38868	0.43226	0.681637	387	4	0.12919
ENSG00000198890	20	0.24157	0.63262	1.0	276	5	-0.038977	0.061871	0.056519	0.255582	135	5	-0.038977
ENSG00000123485	20	0.24206	0.63262	1.0	277	5	0.22959	0.004178	0.0032173	0.058375	32	9	0.22959
ENSG00000164442	20	0.24291	0.63262	1.0	278	2	-0.13656	0.45306	0.49248	0.707652	421	5	-0.13656
ENSG00000166803	20	0.24454	0.63262	1.0	279	2	-0.16277	0.32025	0.36969	0.636871	356	4	-0.16277
ENSG00000170748	20	0.24824	0.63262	1.0	280	4	0.18798	0.022253	0.020469	0.157355	80	8	0.18798
ENSG00000132475	20	0.2489	0.63262	1.0	281	4	-0.095677	0.20136	0.26384	0.56882	268	3	-0.095677
ENSG00000175387	20	0.25193	0.63262	1.0	282	3	-0.14378	0.29285	0.33182	0.603776	334	3	-0.14378
ENSG00000197299	20	0.25201	0.63262	1.0	283	3	0.26315	0.002126	0.0016111	0.03811	24	7	0.26315
ENSG00000139351	19	0.25225	0.63121	1.0	284	4	-0.0025885	0.073231	0.065512	0.272268	148	5	-0.0025885
ENSG00000125686	20	0.25689	0.65496	1.0	285	2	0.092772	0.25559	0.29041	0.579872	308	5	0.092772
ENSG00000136319	20	0.25803	0.65496	1.0	286	2	0.15514	0.019889	0.018506	0.14599	76	6	0.15514
ENSG00000172301	20	0.26167	0.65497	1.0	287	2	0.4298	0.066951	0.059444	0.261128	140	7	0.4298
ENSG00000168036	20	0.26409	0.65497	1.0	288	3	-0.0072458	0.41527	0.46656	0.707652	403	5	-0.0072458
ENSG00000153044	20	0.26483	0.65497	1.0	289	5	0.050345	0.006483	0.0049822	0.074732	40	6	0.050345
ENSG00000159339	20	0.26541	0.65497	1.0	290	3	0.052732	0.33238	0.39543	0.663604	361	2	0.052732
ENSG00000187569	20	0.26724	0.65497	1.0	291	3	-0.018676	0.21295	0.26636	0.56882	273	5	-0.018676
ENSG00000145703	20	0.26904	0.66142	1.0	292	4	-0.13197	0.16666	0.24234	0.56882	245	6	-0.13197
ENSG00000184205	20	0.27368	0.66784	1.0	293	4	-0.084756	0.33279	0.39543	0.663604	362	4	-0.084756
ENSG00000163655	19	0.27427	0.65159	1.0	294	3	-0.14657	0.433	0.47151	0.707652	412	2	-0.14657
ENSG00000147596	20	0.27487	0.66784	1.0	295	4	0.0004021	0.15309	0.21948	0.56882	232	4	0.0004021
ENSG00000141510	20	0.27606	0.66784	1.0	296	3	0.62148	7.3175e-05	3.4702e-05	0.005589	3	12	0.62148
ENSG00000137947	19	0.27765	0.6516	1.0	297	5	-0.3037	0.032403	0.030879	0.199904	95	4	-0.3037
ENSG00000137693	20	0.28126	0.67514	1.0	298	3	-0.13515	0.52646	0.5917	0.810117	447	3	-0.13515
ENSG00000186280	20	0.28197	0.67514	1.0	299	4	0.052424	0.21044	0.26636	0.56882	272	3	0.052424
ENSG00000158019	20	0.28466	0.67514	1.0	300	4	0.031433	0.33843	0.39924	0.663604	367	2	0.031433
ENSG00000187531	20	0.28553	0.67515	1.0	301	5	0.094356	0.024552	0.024455	0.1812	83	5	0.094356
ENSG00000165097	20	0.29018	0.67823	1.0	302	2	0.16742	0.16405	0.23495	0.56882	242	5	0.16742
ENSG00000140395	20	0.29224	0.67824	1.0	303	2	0.19895	0.046561	0.050223	0.253572	115	5	0.19895
ENSG00000137948	20	0.29537	0.68498	1.0	304	3	0.20626	0.29838	0.34402	0.615047	340	4	0.20626
ENSG00000124496	20	0.29598	0.68498	1.0	305	3	-0.10788	0.26236	0.31409	0.602355	312	3	-0.10788
ENSG00000140044	20	0.29651	0.68498	1.0	306	3	0.17349	0.074437	0.07038	0.277498	150	6	0.17349
ENSG00000147099	20	0.29712	0.68498	1.0	307	3	0.01342	0.13639	0.20193	0.561927	220	2	0.01342
ENSG00000158161	20	0.29714	0.68498	1.0	308	2	0.25888	0.11651	0.11733	0.36259	200	7	0.25888
ENSG00000167754	20	0.29838	0.68498	1.0	309	4	-0.22286	0.53822	0.60242	0.810117	452	3	-0.22286
ENSG00000165156	20	0.29944	0.68498	1.0	310	3	-0.15105	0.80134	0.83802	0.950899	541	2	-0.15105
ENSG00000128510	20	0.30174	0.68499	1.0	311	4	0.17051	0.016321	0.01801	0.14599	69	7	0.17051
ENSG00000136144	20	0.30223	0.68499	1.0	312	4	-0.013745	0.36642	0.41375	0.671383	379	3	-0.013745
ENSG00000196363	20	0.30225	0.68499	1.0	313	5	0.10256	0.33865	0.39924	0.663604	368	5	0.10256
ENSG00000123219	20	0.30268	0.68499	1.0	314	4	0.40115	0.014648	0.016077	0.14599	64	5	0.40115
ENSG00000170142	20	0.30632	0.68499	1.0	315	3	-0.069736	0.54361	0.60243	0.810117	454	2	-0.069736
ENSG00000164190	20	0.30681	0.68499	1.0	316	3	-0.021154	0.054944	0.054169	0.253572	129	7	-0.021154
ENSG00000166987	19	0.30758	0.66581	1.0	317	5	-0.0014902	0.22308	0.26244	0.56882	284	3	-0.0014902
ENSG00000160310	20	0.30974	0.69242	1.0	318	5	0.038277	0.4467	0.49247	0.707652	419	5	0.038277
ENSG00000196132	20	0.30991	0.69242	1.0	319	4	0.017117	0.92382	0.91487	0.965083	581	2	0.017117
ENSG00000163012	20	0.31009	0.69242	1.0	320	5	-0.099429	0.90533	0.89849	0.962676	573	1	-0.099429
ENSG00000141837	20	0.31087	0.69242	1.0	321	3	0.086877	0.29134	0.32835	0.603776	332	4	0.086877
ENSG00000141027	20	0.31313	0.69243	1.0	322	4	0.050613	0.11055	0.1151	0.36114	195	5	0.050613
ENSG00000132153	20	0.31461	0.69243	1.0	323	3	0.27209	0.42581	0.47843	0.707652	405	5	0.27209
ENSG00000162344	20	0.3166	0.69621	1.0	324	5	0.013851	0.7389	0.78065	0.919733	522	3	0.013851
ENSG00000170948	20	0.31969	0.69622	1.0	325	5	-0.049895	0.70495	0.77238	0.915263	509	1	-0.049895
ENSG00000171951	20	0.31988	0.69622	1.0	326	3	0.085799	0.66855	0.72582	0.885689	502	3	0.085799
ENSG00000151702	20	0.32107	0.70919	1.0	327	5	-0.31626	0.99383	0.98048	0.996284	603	0	-0.31626
ENSG00000181472	20	0.32176	0.70919	1.0	328	5	-0.13247	0.66793	0.72582	0.885689	501	4	-0.13247
ENSG00000174579	20	0.32323	0.70919	1.0	329	1	0.18179	0.0085149	0.010406	0.12811	44	7	0.18179
ENSG00000186625	20	0.32384	0.70919	1.0	330	4	-0.092097	0.51163	0.56419	0.779741	443	4	-0.092097
ENSG00000166949	20	0.32434	0.70919	1.0	331	4	0.15546	0.15502	0.22185	0.56882	233	5	0.15546
ENSG00000184634	20	0.32659	0.7092	1.0	332	5	0.099421	0.29366	0.33182	0.603776	336	5	0.099421
ENSG00000121903	20	0.32734	0.7092	1.0	333	4	-0.034833	0.46146	0.49248	0.707652	427	4	-0.034833
ENSG00000213246	20	0.32842	0.7092	1.0	334	5	-0.20925	0.41039	0.46656	0.707652	400	2	-0.20925
ENSG00000177426	20	0.32878	0.7092	1.0	335	4	-0.02378	0.15608	0.2301	0.56882	236	4	-0.02378
ENSG00000143995	20	0.32935	0.7092	1.0	336	4	0.1687	0.051431	0.054159	0.253572	123	7	0.1687
ENSG00000133800	20	0.33109	0.7092	1.0	337	5	-0.091022	0.31094	0.36019	0.636538	348	4	-0.091022
ENSG00000139372	20	0.33247	0.71227	1.0	338	5	0.31505	0.0044072	0.0032272	0.058375	34	8	0.31505
ENSG00000172273	20	0.33396	0.71227	1.0	339	4	-0.11386	0.098735	0.096674	0.317951	182	5	-0.11386
ENSG00000166669	20	0.33647	0.71227	1.0	340	2	0.070837	0.32693	0.38623	0.659832	359	5	0.070837
ENSG00000170854	20	0.33733	0.71227	1.0	341	5	0.022628	0.31651	0.36969	0.636871	351	3	0.022628
ENSG00000149136	20	0.33872	0.71227	1.0	342	5	0.27486	0.32659	0.38623	0.659832	358	5	0.27486
ENSG00000142192	20	0.34221	0.71228	1.0	343	5	-0.3403	0.71832	0.77239	0.915263	515	1	-0.3403
ENSG00000205531	20	0.3429	0.71228	1.0	344	5	-0.063634	0.57781	0.62174	0.810117	469	4	-0.063634
ENSG00000166349	20	0.343	0.71228	1.0	345	1	0.16487	0.031196	0.03082	0.199904	94	5	0.16487
ENSG00000116062	20	0.34408	0.71228	1.0	346	2	0.046467	0.312	0.3644	0.636871	349	4	0.046467
ENSG00000272333	20	0.34465	0.71228	1.0	347	5	0.043573	0.84849	0.86628	0.953079	556	2	0.043573
ENSG00000119684	20	0.34732	0.71915	1.0	348	4	-0.030065	0.30225	0.34403	0.615047	342	5	-0.030065
ENSG00000162039	20	0.3484	0.72747	1.0	349	2	-0.075528	0.0040281	0.0032173	0.058375	31	3	-0.075528
ENSG00000135100	20	0.3499	0.72747	1.0	350	4	0.034313	0.84129	0.86236	0.953079	551	2	0.034313
ENSG00000164985	20	0.35037	0.72747	1.0	351	4	-0.11889	0.085883	0.077994	0.284547	168	4	-0.11889
ENSG00000167771	20	0.35155	0.72747	1.0	352	4	0.042254	0.12064	0.12367	0.370486	204	4	0.042254
ENSG00000129152	20	0.35163	0.72747	1.0	353	5	-0.22873	0.83359	0.85181	0.952478	550	1	-0.22873
ENSG00000158636	20	0.35514	0.72748	1.0	354	5	0.087889	0.57746	0.62174	0.810117	467	4	0.087889
ENSG00000198026	20	0.35586	0.72748	1.0	355	5	-0.11156	0.93024	0.91964	0.968452	584	2	-0.11156
ENSG00000164105	20	0.35588	0.72748	1.0	356	3	0.45738	0.0048231	0.0034156	0.060017	35	9	0.45738
ENSG00000126351	20	0.35711	0.73097	1.0	357	3	0.027638	0.57546	0.61672	0.810117	466	2	0.027638
ENSG00000121988	20	0.35891	0.73097	1.0	358	3	0.01465	0.008979	0.010415	0.12811	49	6	0.01465
ENSG00000187166	20	0.36012	0.73098	1.0	359	2	0.3537	0.00083241	0.00075848	0.023323	19	9	0.3537
ENSG00000117222	20	0.36018	0.73098	1.0	360	4	0.010852	0.26649	0.31831	0.602355	316	5	0.010852
ENSG00000147162	20	0.36075	0.73098	1.0	361	5	-0.16663	0.39022	0.43226	0.681637	389	4	-0.16663
ENSG00000187778	20	0.36117	0.73098	1.0	362	3	0.16937	0.033354	0.034369	0.215748	96	8	0.16937
ENSG00000115548	20	0.36251	0.74327	1.0	363	5	0.047006	0.14038	0.20591	0.562832	224	4	0.047006
ENSG00000185917	19	0.3629	0.75553	1.0	364	3	-0.086497	0.45584	0.47152	0.707652	423	2	-0.086497
ENSG00000163666	20	0.36441	0.75481	1.0	365	4	0.23613	0.043131	0.043471	0.253572	105	8	0.23613
ENSG00000150687	20	0.36602	0.75481	1.0	366	5	-0.0491	0.21953	0.26637	0.56882	281	5	-0.0491
ENSG00000138081	6	0.36844	0.5502	1.0	367	1	0.47665	0.069892	0.089119	0.309649	145	3	0.47665
ENSG00000138092	20	0.36954	0.75482	1.0	368	5	-0.064684	0.75282	0.79121	0.925085	528	3	-0.064684
ENSG00000128710	20	0.37326	0.75966	1.0	369	3	0.050871	0.9935	0.98047	0.996284	602	0	0.050871
ENSG00000147488	20	0.37577	0.75966	1.0	370	4	0.088958	0.43014	0.48365	0.707652	409	2	0.088958
ENSG00000149474	20	0.37594	0.75966	1.0	371	3	-0.0069268	0.66766	0.72582	0.885689	500	2	-0.0069268
ENSG00000249961	20	0.37681	0.75967	1.0	372	2	0.34773	0.012765	0.01456	0.14599	60	8	0.34773
ENSG00000141646	20	0.37886	0.75967	1.0	373	3	-0.15582	0.26288	0.31409	0.602355	313	2	-0.15582
ENSG00000115593	19	0.37905	0.76244	1.0	374	3	0.35124	0.03891	0.041012	0.244879	102	8	0.35124
ENSG00000124092	20	0.37989	0.75967	1.0	375	3	0.16692	0.40502	0.45137	0.700996	396	2	0.16692
ENSG00000143799	20	0.38083	0.76479	1.0	376	5	-0.026276	0.86404	0.8719	0.954447	560	2	-0.026276
ENSG00000183207	20	0.38102	0.76479	1.0	377	4	0.13761	0.19707	0.2607	0.56882	266	4	0.13761
ENSG00000182568	20	0.38296	0.7648	1.0	378	2	0.31326	0.012011	0.014034	0.14599	57	8	0.31326
ENSG00000156650	20	0.38398	0.76797	1.0	379	2	0.25135	0.10411	0.098746	0.317951	190	7	0.25135
ENSG00000171476	20	0.38471	0.76798	1.0	380	5	-0.29919	0.25932	0.30284	0.598865	311	3	-0.29919
ENSG00000171617	20	0.38703	0.77329	1.0	381	3	-0.19308	0.10205	0.098736	0.317951	187	3	-0.19308
ENSG00000198855	20	0.38905	0.77329	1.0	382	2	-0.043217	0.64242	0.71263	0.885689	490	2	-0.043217
ENSG00000117625	20	0.38976	0.7733	1.0	383	3	0.10326	0.78577	0.82694	0.947058	536	3	0.10326
ENSG00000166135	20	0.39006	0.7733	1.0	384	1	0.28192	0.025087	0.026378	0.186536	85	7	0.28192
ENSG00000166503	20	0.39126	0.7733	1.0	385	4	-0.17621	0.95176	0.94458	0.979635	590	1	-0.17621
ENSG00000151090	20	0.39208	0.7733	1.0	386	3	-0.019299	0.65614	0.72123	0.885689	496	4	-0.019299
ENSG00000124422	20	0.3925	0.7733	1.0	387	5	-0.18996	0.85009	0.86628	0.953079	557	1	-0.18996
ENSG00000258315	20	0.39399	0.77512	1.0	388	3	-0.10859	0.16937	0.24579	0.56882	248	6	-0.10859
ENSG00000183741	20	0.39575	0.7919	1.0	389	4	0.10925	0.16607	0.24234	0.56882	244	6	0.10925
ENSG00000139618	20	0.39709	0.7919	1.0	390	3	0.029578	0.070945	0.063251	0.268272	146	6	0.029578
ENSG00000167548	20	0.39809	0.79191	1.0	391	2	0.3138	0.0054492	0.0043972	0.06934	37	9	0.3138
ENSG00000117505	20	0.39869	0.79191	1.0	392	4	0.12163	0.17212	0.24826	0.56882	250	5	0.12163
ENSG00000129993	20	0.39908	0.79191	1.0	393	1	-0.0033639	0.65296	0.72123	0.885689	495	4	-0.0033639
ENSG00000125931	20	0.40107	0.80118	1.0	394	4	-0.058399	0.67214	0.72583	0.885689	504	3	-0.058399
ENSG00000157212	20	0.40502	0.80911	1.0	395	2	0.35542	0.011422	0.013925	0.14599	55	9	0.35542
ENSG00000163535	20	0.40601	0.80911	1.0	396	3	0.15099	0.28732	0.32834	0.603776	330	4	0.15099
ENSG00000180198	20	0.40993	0.80912	1.0	397	4	-0.033055	0.71511	0.77238	0.915263	513	3	-0.033055
ENSG00000133884	20	0.41173	0.80912	1.0	398	4	-0.17197	0.24578	0.27924	0.573856	299	3	-0.17197
ENSG00000129810	19	0.41203	0.79021	1.0	399	2	0.21092	0.26905	0.30436	0.599936	317	5	0.21092
ENSG00000134250	20	0.41286	0.80912	1.0	400	4	-0.12664	0.037261	0.038008	0.231496	99	4	-0.12664
ENSG00000131747	20	0.41562	0.80912	1.0	401	2	0.49259	0.010466	0.01341	0.14599	53	9	0.49259
ENSG00000121297	20	0.4177	0.80912	1.0	402	3	-0.10516	0.56778	0.61671	0.810117	462	4	-0.10516
ENSG00000148411	20	0.41964	0.81309	1.0	403	4	-0.26603	0.71668	0.77239	0.915263	514	3	-0.26603
ENSG00000176635	20	0.41998	0.81309	1.0	404	3	0.1682	0.0844	0.075486	0.281356	166	6	0.1682
ENSG00000160224	20	0.42026	0.81309	1.0	405	4	0.14301	0.0024187	0.0016805	0.038279	27	4	0.14301
ENSG00000163875	19	0.42488	0.79477	1.0	406	2	0.2081	0.0013981	0.00083779	0.024535	21	7	0.2081
ENSG00000179348	20	0.42488	0.81482	1.0	407	3	-0.14892	0.45704	0.49248	0.707652	426	3	-0.14892
ENSG00000129673	20	0.42587	0.81483	1.0	408	4	0.15532	0.73158	0.77239	0.915263	519	1	0.15532
ENSG00000225830	20	0.43058	0.81483	1.0	409	4	-0.15577	0.59023	0.63786	0.823965	474	1	-0.15577
ENSG00000189298	20	0.43108	0.81698	1.0	410	2	-0.0052601	0.50869	0.56419	0.779741	442	2	-0.0052601
ENSG00000157259	20	0.43226	0.81698	1.0	411	3	0.14695	0.25917	0.30284	0.598865	310	6	0.14695
ENSG00000163872	20	0.43724	0.81698	1.0	412	4	-0.1668	0.056836	0.05524	0.253572	131	7	-0.1668
ENSG00000143401	20	0.43952	0.81699	1.0	413	4	0.079427	0.086646	0.080959	0.284547	170	7	0.079427
ENSG00000167674	20	0.44045	0.81699	1.0	414	3	0.076114	0.4548	0.49248	0.707652	422	4	0.076114
ENSG00000127511	20	0.44603	0.82515	1.0	415	2	-0.053912	0.011838	0.013935	0.14599	56	7	-0.053912
ENSG00000137834	20	0.45169	0.82895	1.0	416	4	0.14984	0.075451	0.07039	0.277498	154	5	0.14984
ENSG00000185513	20	0.45281	0.82895	1.0	417	3	0.003107	0.4148	0.46656	0.707652	402	3	0.003107
ENSG00000152217	19	0.45463	0.82136	1.0	418	3	0.60812	0.001059	0.00050069	0.018113	20	10	0.60812
ENSG00000173404	20	0.45696	0.82895	1.0	419	3	0.18135	0.84184	0.86236	0.953079	552	3	0.18135
ENSG00000155827	20	0.45876	0.82896	1.0	420	3	-0.16163	0.32814	0.38624	0.659832	360	4	-0.16163
ENSG00000185658	20	0.46151	0.82896	1.0	421	3	0.36198	0.2243	0.26637	0.56882	286	6	0.36198
ENSG00000178279	20	0.4649	0.82896	1.0	422	4	0.12784	0.78815	0.82694	0.947058	537	2	0.12784
ENSG00000131759	20	0.46508	0.82896	1.0	423	4	-0.070477	0.52327	0.57065	0.786879	446	3	-0.070477
ENSG00000127663	20	0.46625	0.83343	1.0	424	4	0.25324	0.037458	0.038008	0.231496	100	8	0.25324
ENSG00000145734	20	0.46909	0.83344	1.0	425	3	0.18891	0.135	0.20192	0.561927	218	6	0.18891
ENSG00000239306	20	0.4718	0.84055	1.0	426	4	0.043135	0.18317	0.24827	0.56882	256	4	0.043135
ENSG00000170004	20	0.473	0.84055	1.0	427	2	0.27332	0.23962	0.27923	0.573856	298	6	0.27332
ENSG00000164306	18	0.47473	0.80411	1.0	428	4	0.12534	0.7762	0.81528	0.94248	534	3	0.12534
ENSG00000198728	20	0.47804	0.84478	1.0	429	4	-0.16826	0.37681	0.43225	0.681637	382	4	-0.16826
ENSG00000196781	20	0.47958	0.84478	1.0	430	4	-0.10583	0.25803	0.30283	0.598865	309	4	-0.10583
ENSG00000140995	20	0.48171	0.84478	1.0	431	3	0.20717	0.57995	0.62174	0.810117	471	4	0.20717
ENSG00000198160	20	0.4828	0.84478	1.0	432	3	0.33276	0.21376	0.26636	0.56882	274	6	0.33276
ENSG00000131778	20	0.4842	0.84478	1.0	433	4	0.070287	0.23083	0.27617	0.573856	294	5	0.070287
ENSG00000143569	20	0.4843	0.84478	1.0	434	2	0.39965	0.029218	0.03081	0.199904	92	8	0.39965
ENSG00000187098	20	0.48496	0.84478	1.0	435	4	-0.05717	0.34732	0.40971	0.671383	372	3	-0.05717
ENSG00000151615	19	0.48604	0.82376	1.0	436	3	-0.07223	0.10118	0.10428	0.334016	185	5	-0.07223
ENSG00000163508	20	0.49693	0.84479	1.0	437	2	-0.22686	0.62865	0.66279	0.838709	487	4	-0.22686
ENSG00000182013	20	0.49854	0.84479	1.0	438	2	0.040028	0.18557	0.24827	0.56882	258	4	0.040028
ENSG00000179094	20	0.50116	0.84479	1.0	439	4	0.18001	0.078721	0.073443	0.278127	159	7	0.18001
ENSG00000137265	19	0.50125	0.82376	1.0	440	3	0.16855	0.074677	0.065522	0.272268	151	7	0.16855
ENSG00000118156	20	0.5023	0.84732	1.0	441	3	0.17856	0.046676	0.050223	0.253572	116	6	0.17856
ENSG00000123364	20	0.50539	0.84732	1.0	442	3	-0.12203	0.64699	0.71264	0.885689	491	1	-0.12203
ENSG00000221890	20	0.50764	0.84732	1.0	443	4	-0.13712	0.6695	0.72583	0.885689	503	4	-0.13712
ENSG00000132003	20	0.51389	0.84733	1.0	444	4	-0.24924	0.42408	0.47842	0.707652	404	3	-0.24924
ENSG00000186350	20	0.51427	0.84733	1.0	445	4	-0.16935	0.78425	0.82694	0.947058	535	2	-0.16935
ENSG00000152804	20	0.51927	0.84733	1.0	446	2	0.32306	0.13697	0.20193	0.561927	221	5	0.32306
ENSG00000173193	20	0.52179	0.854	1.0	447	4	0.073897	0.23081	0.27617	0.573856	293	4	0.073897
ENSG00000130382	20	0.5219	0.854	1.0	448	2	-0.23246	0.99112	0.97784	0.996284	600	1	-0.23246
ENSG00000128708	20	0.52407	0.854	1.0	449	3	0.23711	0.0697	0.060812	0.261534	144	6	0.23711
ENSG00000149124	20	0.52591	0.854	1.0	450	4	0.02859	0.35933	0.41374	0.671383	377	4	0.02859
ENSG00000132341	19	0.52671	0.84668	1.0	451	4	0.28866	0.16308	0.23571	0.56882	241	5	0.28866
ENSG00000135363	20	0.53002	0.85401	1.0	452	4	-0.239	0.75931	0.80885	0.936802	531	3	-0.239
ENSG00000189079	20	0.53198	0.85401	1.0	453	2	0.31585	0.012119	0.014034	0.14599	59	9	0.31585
ENSG00000124523	20	0.53822	0.85808	1.0	454	2	-0.02833	0.080672	0.073453	0.278127	160	6	-0.02833
ENSG00000135164	20	0.53898	0.85808	1.0	455	4	0.11513	0.10299	0.098746	0.317951	189	6	0.11513
ENSG00000170608	20	0.54205	0.85808	1.0	456	4	-0.013095	0.34763	0.40971	0.671383	373	4	-0.013095
ENSG00000156219	20	0.54285	0.85809	1.0	457	3	0.050122	0.30735	0.36018	0.636538	346	5	0.050122
ENSG00000167978	20	0.54874	0.85809	1.0	458	3	-0.13907	0.12508	0.12679	0.371327	210	5	-0.13907
ENSG00000136574	20	0.5497	0.861	1.0	459	3	-0.044839	0.46731	0.50226	0.718342	430	3	-0.044839
ENSG00000141582	20	0.55016	0.86101	1.0	460	3	0.083132	0.38931	0.43226	0.681637	388	5	0.083132
ENSG00000173889	20	0.55197	0.86494	1.0	461	2	-0.14125	0.45696	0.49248	0.707652	425	4	-0.14125
ENSG00000122257	20	0.5529	0.86494	1.0	462	4	-0.039472	0.024477	0.024445	0.1812	82	6	-0.039472
ENSG00000127337	20	0.55327	0.86494	1.0	463	4	0.062448	0.10206	0.098736	0.317951	188	4	0.062448
ENSG00000196284	15	0.55349	0.8244	1.0	464	3	-0.25692	0.21678	0.28492	0.573856	278	4	-0.25692
ENSG00000134014	20	0.55572	0.86495	1.0	465	3	0.56553	0.00013398	6.4446e-05	0.005662	7	10	0.56553
ENSG00000147854	20	0.55728	0.86769	1.0	466	4	0.015226	0.04347	0.04473	0.253572	106	4	0.015226
ENSG00000163602	20	0.55782	0.86769	1.0	467	3	-0.10917	0.39107	0.43226	0.681637	390	2	-0.10917
ENSG00000171813	20	0.56067	0.86769	1.0	468	3	0.00069759	0.27699	0.31832	0.602355	323	5	0.00069759
ENSG00000204406	20	0.56164	0.8677	1.0	469	4	0.015424	0.4843	0.54884	0.774173	434	2	0.015424
ENSG00000142619	20	0.56489	0.87188	1.0	470	4	-0.25444	0.38101	0.43225	0.681637	383	3	-0.25444
ENSG00000205835	19	0.56988	0.86754	1.0	471	4	-0.27938	0.60035	0.65092	0.830527	477	4	-0.27938
ENSG00000167311	20	0.57369	0.87189	1.0	472	4	-0.22955	0.86813	0.87529	0.954447	562	1	-0.22955
ENSG00000197157	20	0.57932	0.87422	1.0	473	3	-0.3143	0.19875	0.26071	0.56882	267	3	-0.3143
ENSG00000152284	20	0.58745	0.87977	1.0	474	2	0.14229	0.0035458	0.0025927	0.054983	29	7	0.14229
ENSG00000181449	20	0.58845	0.87977	1.0	475	4	-0.18862	0.88637	0.88482	0.961416	566	2	-0.18862
ENSG00000154727	20	0.59406	0.8839	1.0	476	4	-0.34935	0.90855	0.8985	0.962676	574	1	-0.34935
ENSG00000152784	20	0.59516	0.8839	1.0	477	3	0.1559	0.68564	0.7516	0.911706	507	2	0.1559
ENSG00000204227	20	0.59634	0.8839	1.0	478	3	-0.20324	0.21686	0.26637	0.56882	279	3	-0.20324
ENSG00000235268	20	0.59644	0.8839	1.0	479	3	0.089519	0.16766	0.24579	0.56882	246	6	0.089519
ENSG00000169989	20	0.59751	0.88391	1.0	480	3	0.24619	0.00051	0.00048086	0.018113	15	7	0.24619
ENSG00000243789	20	0.60317	0.88668	1.0	481	1	0.13226	0.2257	0.26637	0.56882	288	6	0.13226
ENSG00000171720	20	0.60437	0.88668	1.0	482	2	0.063311	0.0072395	0.0052399	0.076728	42	4	0.063311
ENSG00000162601	20	0.60622	0.88668	1.0	483	4	0.015624	0.20915	0.26636	0.56882	271	4	0.015624
ENSG00000117115	20	0.60807	0.88668	1.0	484	2	0.035143	0.072581	0.066206	0.273265	147	7	0.035143
ENSG00000130066	20	0.60952	0.88668	1.0	485	3	0.1054	0.61716	0.64993	0.830527	482	3	0.1054
ENSG00000124813	20	0.61067	0.88668	1.0	486	3	-0.16155	0.33669	0.39923	0.663604	366	4	-0.16155
ENSG00000162992	20	0.61138	0.88668	1.0	487	4	-0.077482	0.29714	0.34402	0.615047	339	1	-0.077482
ENSG00000123569	20	0.61144	0.88668	1.0	488	3	-0.03085	0.049642	0.052791	0.253572	120	6	-0.03085
ENSG00000198945	20	0.6122	0.88668	1.0	489	2	0.17018	0.15602	0.2301	0.56882	235	5	0.17018
ENSG00000164091	20	0.61508	0.88668	1.0	490	3	0.22019	0.044692	0.045603	0.253572	109	8	0.22019
ENSG00000181965	20	0.61856	0.88669	1.0	491	3	0.26723	0.022126	0.020469	0.157355	79	8	0.26723
ENSG00000172534	20	0.62282	0.88669	1.0	492	3	-0.22512	0.015225	0.016463	0.14599	65	6	-0.22512
ENSG00000168283	20	0.62508	0.88669	1.0	493	3	0.10059	0.017736	0.01802	0.14599	74	4	0.10059
ENSG00000173039	20	0.63439	0.89578	1.0	494	3	-0.0013523	0.82649	0.8518	0.952478	546	3	-0.0013523
ENSG00000129245	20	0.64032	0.89726	1.0	495	2	-0.045229	0.01009	0.013211	0.14599	52	6	-0.045229
ENSG00000184788	20	0.64154	0.89726	1.0	496	2	-0.020977	0.8136	0.84178	0.951651	543	2	-0.020977
ENSG00000142856	20	0.64819	0.9032	1.0	497	1	0.022625	0.29344	0.33182	0.603776	335	5	0.022625
ENSG00000197275	20	0.65183	0.90662	1.0	498	3	-0.052521	0.2507	0.28645	0.573856	305	5	-0.052521
ENSG00000115274	20	0.65395	0.90662	1.0	499	3	0.089649	0.59595	0.63787	0.823965	475	3	0.089649
ENSG00000170364	20	0.65863	0.90663	1.0	500	3	0.041841	0.22539	0.26637	0.56882	287	4	0.041841
ENSG00000164256	19	0.66036	0.90665	1.0	501	2	0.11525	0.084798	0.081841	0.285979	167	6	0.11525
ENSG00000124733	20	0.66566	0.90859	1.0	502	3	-0.17733	0.60528	0.64308	0.823965	479	3	-0.17733
ENSG00000147050	20	0.66911	0.90859	1.0	503	2	0.331	0.043485	0.04473	0.253572	107	8	0.331
ENSG00000115844	20	0.67376	0.91404	1.0	504	3	0.013896	0.013633	0.015264	0.14599	61	5	0.013896
ENSG00000186871	20	0.67778	0.9175	1.0	505	2	0.0041094	0.14924	0.21241	0.56882	229	5	0.0041094
ENSG00000142082	20	0.68022	0.91751	1.0	506	1	-0.18623	0.40797	0.46655	0.707652	397	1	-0.18623
ENSG00000146247	20	0.68414	0.9212	1.0	507	3	0.061286	0.46335	0.4978	0.713635	429	4	0.061286
ENSG00000141504	20	0.68688	0.9212	1.0	508	3	-0.10892	0.42954	0.48365	0.707652	408	4	-0.10892
ENSG00000136603	20	0.69518	0.9212	1.0	509	3	0.32197	0.052713	0.054159	0.253572	125	7	0.32197
ENSG00000186532	12	0.69879	0.85393	1.0	510	2	0.19957	0.22791	0.26592	0.56882	290	4	0.19957
ENSG00000168556	20	0.70073	0.9212	1.0	511	3	-0.078001	0.53229	0.60242	0.810117	450	3	-0.078001
ENSG00000116731	20	0.70397	0.9212	1.0	512	3	0.24591	0.099855	0.098736	0.317951	184	7	0.24591
ENSG00000135903	20	0.70546	0.92121	1.0	513	3	-0.13695	0.92131	0.91486	0.965083	579	2	-0.13695
ENSG00000143815	20	0.70947	0.92121	1.0	514	3	-0.018159	0.13197	0.19653	0.557	216	4	-0.018159
ENSG00000129484	20	0.71451	0.92121	1.0	515	2	0.22402	0.087385	0.080959	0.284547	172	6	0.22402
ENSG00000122180	20	0.71929	0.92121	1.0	516	1	0.40336	0.015532	0.017336	0.14599	66	7	0.40336
ENSG00000161939	18	0.7246	0.91367	1.0	517	2	0.47225	0.0007262	0.00036189	0.01712	17	7	0.47225
ENSG00000198879	20	0.72627	0.92121	1.0	518	3	-0.029123	0.018912	0.018228	0.14599	75	8	-0.029123
ENSG00000125798	20	0.73019	0.9259	1.0	519	2	0.16278	0.13075	0.19478	0.557	214	4	0.16278
ENSG00000169057	20	0.73742	0.92882	1.0	520	3	-0.17942	0.11087	0.1151	0.36114	196	4	-0.17942
ENSG00000151332	20	0.73754	0.92882	1.0	521	2	0.071532	0.30872	0.36019	0.636538	347	5	0.071532
ENSG00000168453	20	0.74114	0.92883	1.0	522	1	-0.0299	0.086195	0.077994	0.284547	169	4	-0.0299
ENSG00000143033	20	0.74272	0.93174	1.0	523	3	0.12727	0.18903	0.25105	0.56882	262	5	0.12727
ENSG00000230522	20	0.75761	0.9345	1.0	524	2	0.13462	0.046512	0.050223	0.253572	113	7	0.13462
ENSG00000164093	20	0.75874	0.9345	1.0	525	3	0.015544	0.29407	0.33182	0.603776	337	4	0.015544
ENSG00000171988	20	0.76011	0.9345	1.0	526	3	0.12636	0.39462	0.4376	0.684812	392	5	0.12636
ENSG00000177565	20	0.76424	0.9345	1.0	527	2	0.31744	0.31415	0.36441	0.636871	350	4	0.31744
ENSG00000123636	20	0.7675	0.93636	1.0	528	2	0.37908	0.14478	0.20872	0.567977	227	6	0.37908
ENSG00000156983	20	0.77697	0.9391	1.0	529	2	0.45041	0.0026762	0.0021168	0.046494	28	10	0.45041
ENSG00000168395	19	0.78092	0.93768	1.0	530	1	0.27851	0.14473	0.21529	0.56882	226	4	0.27851
ENSG00000129194	20	0.7819	0.9391	1.0	531	3	0.050407	0.055775	0.054169	0.253572	130	4	0.050407
ENSG00000150347	20	0.78525	0.9416	1.0	532	2	0.26026	0.12289	0.12678	0.371327	208	6	0.26026
ENSG00000122877	19	0.78813	0.94056	1.0	533	2	0.23145	0.17971	0.24129	0.56882	253	4	0.23145
ENSG00000118513	20	0.78882	0.94161	1.0	534	3	0.0063156	0.060185	0.05525	0.253572	134	5	0.0063156
ENSG00000205143	20	0.793	0.94421	1.0	535	2	0.15075	0.046517	0.050223	0.253572	114	7	0.15075
ENSG00000143499	20	0.79357	0.94421	1.0	536	2	-0.081406	0.47998	0.54884	0.774173	433	3	-0.081406
ENSG00000173473	20	0.79582	0.94422	1.0	537	2	0.16424	0.80047	0.83802	0.950899	540	3	0.16424
ENSG00000136770	20	0.79916	0.94422	1.0	538	2	0.17729	0.013731	0.015264	0.14599	62	6	0.17729
ENSG00000148704	20	0.80144	0.94895	1.0	539	3	0.18261	0.04682	0.050223	0.253572	117	7	0.18261
ENSG00000169247	20	0.80641	0.95091	1.0	540	2	0.14809	0.42723	0.48365	0.707652	406	5	0.14809
ENSG00000146670	20	0.80708	0.95336	1.0	541	1	0.1947	0.002159	0.0016111	0.03811	25	8	0.1947
ENSG00000136504	20	0.81094	0.95336	1.0	542	3	0.60738	0.00010762	5.4531e-05	0.005589	4	12	0.60738
ENSG00000143452	20	0.81242	0.95336	1.0	543	2	0.2404	0.19492	0.25521	0.56882	265	6	0.2404
ENSG00000138496	18	0.82491	0.94472	1.0	544	2	0.22359	0.15677	0.21744	0.56882	237	5	0.22359
ENSG00000176171	20	0.833	0.95337	1.0	545	1	0.1816	0.23776	0.27923	0.573856	297	6	0.1816
ENSG00000165288	20	0.83851	0.95337	1.0	546	1	0.28648	0.38296	0.43225	0.681637	385	4	0.28648
ENSG00000116478	20	0.83946	0.95337	1.0	547	2	0.16342	0.12051	0.12367	0.370486	203	7	0.16342
ENSG00000132972	20	0.83969	0.95337	1.0	548	2	0.033103	0.23618	0.27923	0.573856	296	6	0.033103
ENSG00000143258	20	0.84357	0.95573	1.0	549	2	0.15119	0.38102	0.43225	0.681637	384	5	0.15119
ENSG00000198604	20	0.84687	0.95574	1.0	550	2	0.081607	0.12888	0.19477	0.557	212	5	0.081607
ENSG00000243667	19	0.8475	0.95557	1.0	551	1	0.27634	0.15209	0.22543	0.56882	231	6	0.27634
ENSG00000196199	20	0.84775	0.95574	1.0	552	2	0.1553	0.044923	0.049727	0.253572	110	8	0.1553
ENSG00000155592	20	0.85186	0.95899	1.0	553	2	0.28224	0.017696	0.01802	0.14599	73	7	0.28224
ENSG00000221926	20	0.85588	0.96055	1.0	554	2	0.31761	0.12768	0.19477	0.557	211	6	0.31761
ENSG00000143379	19	0.87025	0.95951	1.0	555	1	0.064276	0.00047794	0.00031231	0.016006	14	8	0.064276
ENSG00000140455	20	0.8735	0.96773	1.0	556	2	-0.18999	0.57973	0.62174	0.810117	470	2	-0.18999
ENSG00000120733	20	0.87702	0.96773	1.0	557	1	0.68276	0.00011123	5.4531e-05	0.005589	5	12	0.68276
ENSG00000148584	20	0.87792	0.96773	1.0	558	2	0.13465	0.088715	0.080959	0.284547	174	6	0.13465
ENSG00000163840	20	0.87964	0.96773	1.0	559	1	0.18173	0.20857	0.26636	0.56882	270	6	0.18173
ENSG00000175097	18	0.88036	0.96107	1.0	560	1	0.2718	0.11249	0.1241	0.370486	198	5	0.2718
ENSG00000159267	20	0.88115	0.96774	1.0	561	2	0.035058	0.9526	0.94458	0.979635	591	2	0.035058
ENSG00000125820	20	0.89293	0.97094	1.0	562	1	0.074919	0.44672	0.49247	0.707652	420	5	0.074919
ENSG00000139718	20	0.89312	0.97094	1.0	563	2	0.66323	0.00011394	5.4531e-05	0.005589	6	12	0.66323
ENSG00000119048	20	0.89793	0.97279	1.0	564	2	0.19087	0.23174	0.27617	0.573856	295	5	0.19087
ENSG00000189221	20	0.9034	0.97381	1.0	565	2	0.18417	0.66351	0.72124	0.885689	499	4	0.18417
ENSG00000164663	20	0.90832	0.97542	1.0	566	2	0.041062	0.49639	0.55352	0.777209	438	3	0.041062
ENSG00000165684	20	0.91056	0.97715	1.0	567	2	-5.0666e-05	0.16278	0.23495	0.56882	240	6	-5.0666e-05
ENSG00000141380	20	0.91635	0.97716	1.0	568	2	-0.21953	0.44582	0.49247	0.707652	418	4	-0.21953
ENSG00000138738	19	0.92135	0.9738	1.0	569	2	-0.045816	0.75031	0.8072	0.93666	526	3	-0.045816
ENSG00000154655	20	0.92548	0.97791	1.0	570	1	-0.15228	0.026302	0.030037	0.199904	87	3	-0.15228
ENSG00000197380	20	0.92671	0.97913	1.0	571	2	0.0082228	0.081675	0.073453	0.278127	162	6	0.0082228
ENSG00000123562	19	0.92855	0.97524	1.0	572	1	0.24421	0.039729	0.041706	0.246629	103	6	0.24421
ENSG00000121057	18	0.92929	0.97004	1.0	573	1	-0.056075	0.70566	0.75941	0.915263	510	3	-0.056075
ENSG00000182196	20	0.93001	0.97913	1.0	574	2	-0.10401	0.63365	0.68018	0.858949	489	4	-0.10401
ENSG00000178028	20	0.93571	0.98047	1.0	575	2	0.2449	0.15535	0.22185	0.56882	234	5	0.2449
ENSG00000116254	20	0.93786	0.98047	1.0	576	2	0.24606	0.025819	0.026388	0.186536	86	6	0.24606
ENSG00000163530	20	0.93816	0.98047	1.0	577	2	-0.098086	0.27487	0.31832	0.602355	321	2	-0.098086
ENSG00000163939	20	0.93905	0.98047	1.0	578	2	0.23707	0.074922	0.07038	0.277498	152	4	0.23707
ENSG00000137309	20	0.93925	0.98047	1.0	579	2	0.024018	0.3188	0.36969	0.636871	354	5	0.024018
ENSG00000183495	20	0.94365	0.98047	1.0	580	1	0.20347	0.097022	0.096664	0.317951	180	7	0.20347
ENSG00000161036	20	0.95772	0.98163	1.0	581	1	0.31855	0.045515	0.050213	0.253572	112	6	0.31855
ENSG00000135365	20	0.9578	0.98163	1.0	582	1	0.19488	0.24989	0.28645	0.573856	303	5	0.19488
ENSG00000132467	19	0.95782	0.97681	1.0	583	1	0.21177	0.026768	0.025446	0.185545	88	8	0.21177
ENSG00000172238	20	0.95898	0.98163	1.0	584	1	-0.011885	0.10666	0.098746	0.317951	192	4	-0.011885
ENSG00000185238	20	0.95945	0.98163	1.0	585	1	-0.093206	0.35891	0.41374	0.671383	376	4	-0.093206
ENSG00000185787	20	0.96436	0.98164	1.0	586	1	0.15318	0.030864	0.03082	0.199904	93	6	0.15318
ENSG00000161653	20	0.97125	0.98369	1.0	587	1	-0.26288	0.50671	0.56419	0.779741	441	4	-0.26288
ENSG00000125482	20	0.97323	0.98507	1.0	588	1	0.31663	0.003748	0.002791	0.057215	30	8	0.31663
ENSG00000150907	20	0.97731	0.98637	1.0	589	1	0.079419	0.92923	0.91487	0.965083	583	1	0.079419
ENSG00000139154	20	0.97813	0.98638	1.0	590	1	-0.084872	0.2264	0.2702	0.571065	289	5	-0.084872
ENSG00000196535	20	0.97847	0.98638	1.0	591	1	0.041415	0.12224	0.12367	0.370486	205	2	0.041415
ENSG00000171320	20	0.97901	0.98638	1.0	592	1	0.2625	0.067922	0.059444	0.261128	141	7	0.2625
ENSG00000136715	20	0.97906	0.98638	1.0	593	1	0.2926	0.0090301	0.010415	0.12811	50	7	0.2926
ENSG00000163517	20	0.97954	0.98638	1.0	594	1	0.11542	0.3349	0.39923	0.663604	364	5	0.11542
ENSG00000198408	20	0.98259	0.98745	1.0	595	1	0.28396	0.01582	0.017346	0.14599	67	6	0.28396
ENSG00000171016	20	0.98287	0.98745	1.0	596	1	0.32646	0.0017297	0.0011947	0.033398	22	9	0.32646
ENSG00000138795	20	0.98777	0.98978	1.0	597	1	0.37901	0.028754	0.030047	0.199904	90	8	0.37901
ENSG00000173200	20	0.98792	0.98978	1.0	598	1	0.14691	0.25028	0.28645	0.573856	304	4	0.14691
ENSG00000185697	20	0.9886	0.98979	1.0	599	1	0.10694	0.1014	0.098736	0.317951	186	6	0.10694
ENSG00000138375	20	0.98997	0.99099	1.0	600	1	0.13577	0.30382	0.34403	0.615047	344	4	0.13577
ENSG00000119042	20	0.99066	0.99203	1.0	601	0	0.24011	0.0056073	0.0043972	0.06934	39	8	0.24011
ENSG00000168214	20	0.9907	0.99203	1.0	602	0	0.15494	0.35656	0.41374	0.671383	375	5	0.15494
ENSG00000119953	20	0.9925	0.99304	1.0	603	0	-0.11229	0.045017	0.049727	0.253572	111	4	-0.11229
ENSG00000160633	20	0.99433	0.99473	1.0	604	0	0.59356	0.00027485	0.00019334	0.01189	10	11	0.59356
ENSG00000135999	20	0.99573	0.99694	1.0	605	0	0.58021	0.00032286	0.00042138	0.017276	11	11	0.58021
ENSG00000129315	20	0.99596	0.99733	1.0	606	0	0.26583	0.099519	0.098736	0.317951	183	7	0.26583
ENSG00000132170	19	0.9963	0.99762	1.0	607	0	0.10958	0.052871	0.046822	0.253572	126	7	0.10958
ENSG00000163935	20	0.99649	0.99734	1.0	608	0	0.47428	0.0074558	0.0054382	0.077779	43	9	0.47428
ENSG00000186310	20	0.9968	0.9977	1.0	609	0	0.29309	0.27903	0.31832	0.602355	325	5	0.29309
ENSG00000123600	20	0.99737	0.99833	1.0	610	0	0.070678	0.55818	0.60944	0.810117	458	2	0.070678
ENSG00000158711	20	0.99923	0.99971	1.0	611	0	0.53796	0.00079695	0.00075848	0.023323	18	11	0.53796
ENSG00000166164	20	0.99987	0.99999	1.0	612	0	0.34156	0.000233	8.4275e-05	0.006479	8	8	0.34156
ENSG00000148737	20	0.99999	1.0	1.0	613	0	0.51445	0.00024081	0.0001041	0.007114	9	10	0.51445
ENSG00000188895	20	0.99999	1.0	1.0	614	0	0.93414	2.4926e-09	4.9574e-06	0.003049	1	17	0.93414
